4091
4133
2467
2591
1733
4409
4729
7001
577
1307
5563
83
1987
1801
1867
7211
911
173
4547
193
3067
6143
113
541
11
19
3413
2339
2333
461
101
6619
7537
2161
331
7589
23
1451
1361
5441
1459
5231
2741
761
3583
4561
1409
5081
5347
2087
1297
1103
881
2683
1979
1847
6547
2131
7207
5059
2593
3469
991
1579
6473
2351
1163
5683
4261
1567
677
1039
727
3049
4201
3511
1429
2459
6659
7333
419
4211
3121
937
5449
2791
6211
4817
1009
2707
1931
1487
1481
137
6277
1181
821
6529
3803
6709
281
2767
3089
5807
1999
4093
4451
1249
7019
7039
709
5153
4759
7159
5653
3697
6269
2411
3329
1091
4783
3557
5737
5479
4787
853
3631
6971
7523
6011
997
4793
3911
2063
1933
3617
6323
4463
2341
3769
4591
1873
1789
2297
2687
4127
227
5689
2053
4643
463
383
7717
3169
5417
7883
2113
3709
59
7027
3733
3301
211
1097
1823
1621
7219
4721
2887
163
7591
5521
7253
499
277
3967
2579
2609
7669
271
6833
6007
7309
6673
6793
2857
1213
7723
2267
4423
2797
5867
6247
4987
7549
6803
1303
1289
7873
3923
7243
5107
1913
739
2543
643
1367
4007
3041
1669
1321
6199
773
3187
919
2521
2251
7
1399
4271
3119
31
1607
5693
5573
6397
4789
4391
467
587
7369
2027
1223
3533
4969
3433
4073
3323
2621
4919
7193
2129
839
1721
827
3989
4651
1201
2029
631
4691
6569
4621
4297
2777
1783
4733
5527
6977
1889
5
2731
5209
107
2663
4231
6829
1319
179
131
4943
3313
5273
1753
3191
523
1583
811
547
1973
7331
1277
7853
6961
3271
229
3593
563
7561
4951
3011
4519
3673
2557
4441
2953
103
479
3457
6719
5021
619
6763
1879
2311
3547
1013
6203
1811
6113
6373
2237
3083
2971
1051
1877
1861
823
199
521
317
43
6037
6101
3571
6949
7673
2377
1871
127
2657
6947
5119
4289
7013
5297
7681
809
17
2099
457
1447
4909
3
2287
7547
751
5011
2281
5669
6491
7481
7411
5233
1997
647
4603
3019
443
2753
5897
401
4799
691
1693
5323
3851
2819
6781
5189
3517
1483
41
4649
5413
4157
5501
4363
5639
1093
7127
6991
5431
7643
7487
5717
2917
7793
3527
0
3671
5657
181
661
5099
3037
3907
4129
6607
37
1171
1619
907
367
5903
5791
251
1901
1657
2939
2243
2659
6067
5309
5171
5701
1663
3581
4517
5813
1831
1597
3299
1193
5881
5351
2347
4967
1063
4001
4217
3637
7459
89
2437
151
857
6449
373
2357
6637
4639
1523
5147
4931
6917
3659
1217
5051
3391
4483
7621
1373
5849
1259
4751
4567
1471
3373
3491
5569
4099
3643
4583
359
4049
571
1951
6563
4447
2897
3463
6883
3701
7457
5981
6263
353
97
983
1601
3449
617
757
5743
4723
53
5869
2927
6379
6317
2689
5857
887
5827
4973
2269
2423
7451
4027
7867
2381
941
3167
2713
569
3739
2371
6983
6551
2111
701
2699
2693
2671
6053
3847
439
4889
3539
4159
4657
5077
7499
6221
4241
3863
5623
6857
4111
7247
7823
2083
2861
3833
7703
1033
6691
3217
5591
2309
7109
2293
4327
3023
6679
6229
1123
3929
5113
953
5939
6689
3371
29
743
67
5651
2903
5531
4831
7489
787
769
593
3877
6733
2549
2711
5387
6427
2851
1381
5039
157
1283
4283
389
967
7177
1
6841
5003
337
5419
2999
6073
6121
3607
3061
7351
2207
3767
6869
6257
6047
2069
2969
5801
5879
6653
7187
5381
1747
4663
5167
2801
5443
6163
5179
5821
7433
7583
2441
7229
4153
4421
3109
2719
6421
7577
4813
3137
449
4993
409
7321
877
4673
3947
6043
7759
1907
6571
1543
5009
139
6451
6737
6599
1327
1993
2647
6343
7603
6287
557
1291
1279
1453
47
5749
149
2
3259
3727
2833
4703
2789
7237
3931
1723
2399
1489
1301
7417
2837
7517
6469
7789
6337
6361
6907
1237
4057
4259
4507
5407
3331
7559
2477
977
5437
5227
2729
2017
599
6871
971
1667
2963
6661
2447
2617
5197
7639
6761
6553
673
7649
1031
5393
6823
4349
6301
2153
6133
5659
1553
431
2003
1231
5861
1741
3719
3467
7121
1129
5503
6197
4877
2137
307
5711
4937
239
7829
109
601
1087
6091
947
1019
7103
797
5333
6701
1511
487
641
6089
269
5581
5471
3823
613
3889
7817
5483
3559
2909
2539
6029
3853
1493
5279
6863
6791
1777
4357
2551
7069
6577
1061
1153
311
5647
7283
4021
1709
421
3221
4243
5839
4679
929
883
6703
3881
1559
2213
1439
5507
1637
2473
1151
5557
379
3691
2011
7741
7901
7573
3677
4003
5987
5281
3943
433
7529
7307
7753
3917
1427
3257
6827
733
4903
397
3359
1229
1069
2143
7727
2633
61
2141
6299
5927
1949
4549
191
1697
241
2383
2749
3343
257
223
509
6311
1549
7057
2957
3251
1609
6779
6173
3001
6581
2089
5923
3541
4373
7607
5741
3499
4273
4523
1049
7129
2203
349
6271
3209
4999
7349
5519
79
6131
2081
7687
829
3319
7297
659
6329
3797
6521
2531
7507
4139
503
4861
71
4253
4933
7841
2677
1787
6151
7151
2221
5303
5237
3529
1699
3307
5779
1433
2273
6359
3779
3821
7879
313
3163
4051
863
491
3761
5477
4337
6997
1117
607
7757
7541
5261
5399
4019
1571
4229
7043
7079
4079
2417
4457
7393
653
2179
3623
3079
719
6217
4637
1627
683
3347
4957
5101
4493
5843
1021
859
4219
3229
6389
5783
3253
3919
6079
197
5851
283
7877
5087
293
13
2803
167
7213
6911
3793
4177
6899
347
1499
4513
6481
7477
6353
6967
233
263
1423
4397
3361
2843
7699
1109
3461
3181
4339
2039
4481
6959
2389
4013
2393
2239
6367
4597
1187
3407
5641
73
5023
2879
3389
7691
3613
1613
4801
4871
1759
2503
3203
1531
5953
