1000003 0.005760
2000003 0.011114
4000037 0.020463
8000009 0.037451
16000057 0.072751
32000011 0.140835
64000031 0.274305
128000003 0.552776
256000001 1.098382
512000009 2.200537
1024000009 4.378998
2048000011 8.772619
1000003 0.002239
2000003 0.004723
4000037 0.008685
8000009 0.018766
16000057 0.036941
32000011 0.074335
64000031 0.147995
128000003 0.293844
256000001 0.584962
512000009 1.130828
1024000009 2.179504
2048000011 4.348052
1000003 0.000008
2000003 0.000010
4000037 0.000016
8000009 0.000021
16000057 0.000030
32000011 0.000041
64000031 0.000058
128000003 0.000078
256000001 0.000102
512000009 0.000171
1024000009 0.000216
2048000011 0.000293
1000003 0.000005
2000003 0.000007
4000037 0.000010
8000009 0.000014
16000057 0.000018
32000011 0.000024
64000031 0.000034
128000003 0.000044
256000001 0.000074
512000009 0.000085
1024000009 0.000117
2048000011 0.000179
1000003 0.005672
2000003 0.011327
4000037 0.020632
8000009 0.038231
16000057 0.074132
32000011 0.139626
64000031 0.277102
128000003 0.551455
256000001 1.102508
512000009 2.209305
1024000009 4.432600
2048000011 8.786649
1000003 0.002246
2000003 0.004391
4000037 0.008667
8000009 0.018152
16000057 0.035800
32000011 0.072058
64000031 0.137708
128000003 0.271817
256000001 0.553042
512000009 1.125726
1024000009 2.180644
2048000011 4.394101
1000003 0.000009
2000003 0.000012
4000037 0.000016
8000009 0.000022
16000057 0.000033
32000011 0.000038
64000031 0.000061
128000003 0.000090
256000001 0.000119
512000009 0.000156
1024000009 0.000259
2048000011 0.000320
1000003 0.000006
2000003 0.000007
4000037 0.000008
8000009 0.000009
16000057 0.000019
32000011 0.000024
64000031 0.000029
128000003 0.000040
256000001 0.000055
512000009 0.000081
1024000009 0.000117
2048000011 0.000148
1000003 0.004165
2000003 0.008850
4000037 0.018010
8000009 0.034118
16000057 0.070654
32000011 0.136291
64000031 0.272684
128000003 0.540260
256000001 1.085772
512000009 2.166484
1024000009 4.327437
2048000011 8.586741
1000003 0.002227
2000003 0.004364
4000037 0.008561
8000009 0.017004
16000057 0.033937
32000011 0.068275
64000031 0.135415
128000003 0.272941
256000001 0.541498
512000009 1.081089
1024000009 2.163023
2048000011 4.329767
1000003 0.000009
2000003 0.000010
4000037 0.000016
8000009 0.000022
16000057 0.000033
32000011 0.000045
64000031 0.000062
128000003 0.000095
256000001 0.000107
512000009 0.000157
1024000009 0.000221
2048000011 0.000306
1000003 0.000005
2000003 0.000006
4000037 0.000008
8000009 0.000012
16000057 0.000018
32000011 0.000025
64000031 0.000031
128000003 0.000041
256000001 0.000054
512000009 0.000084
1024000009 0.000135
2048000011 0.000158
1000003 0.005985
2000003 0.011822
4000037 0.020760
8000009 0.038016
16000057 0.073206
32000011 0.141021
64000031 0.279629
128000003 0.553675
256000001 1.097747
512000009 2.173612
1024000009 4.315747
2048000011 8.629775
1000003 0.002172
2000003 0.004258
4000037 0.008623
8000009 0.017757
16000057 0.034437
32000011 0.069329
64000031 0.140786
128000003 0.273506
256000001 0.547014
512000009 1.087200
1024000009 2.175054
2048000011 4.345807
1000003 0.000009
2000003 0.000011
4000037 0.000015
8000009 0.000020
16000057 0.000030
32000011 0.000042
64000031 0.000061
128000003 0.000086
256000001 0.000122
512000009 0.000137
1024000009 0.000201
2048000011 0.000261
1000003 0.000005
2000003 0.000007
4000037 0.000009
8000009 0.000012
16000057 0.000018
32000011 0.000025
64000031 0.000035
128000003 0.000051
256000001 0.000060
512000009 0.000092
1024000009 0.000126
2048000011 0.000186
