4091 0.000012
4133 0.000012
2467 0.000007
2591 0.000008
1733 0.000006
4409 0.000013
4729 0.000014
7001 0.000021
577 0.000003
1307 0.000005
5563 0.000016
83 0.000001
1987 0.000006
1801 0.000005
1867 0.000006
7211 0.000026
911 0.000003
173 0.000001
4547 0.000013
193 0.000001
3067 0.000010
6143 0.000017
113 0.000001
541 0.000002
11 0.000000
19 0.000001
3413 0.000010
2339 0.000007
2333 0.000008
461 0.000002
101 0.000001
6619 0.000018
7537 0.000021
2161 0.000007
331 0.000001
7589 0.000022
23 0.000001
1451 0.000004
1361 0.000004
5441 0.000016
1459 0.000005
5231 0.000015
2741 0.000009
761 0.000002
3583 0.000011
4561 0.000013
1409 0.000004
5081 0.000014
5347 0.000015
2087 0.000006
1297 0.000005
1103 0.000003
881 0.000003
2683 0.000008
1979 0.000006
1847 0.000006
6547 0.000019
2131 0.000007
7207 0.000020
5059 0.000014
2593 0.000008
3469 0.000010
991 0.000003
1579 0.000005
6473 0.000019
2351 0.000007
1163 0.000003
5683 0.000016
4261 0.000012
1567 0.000005
677 0.000003
1039 0.000003
727 0.000003
3049 0.000009
4201 0.000013
3511 0.000010
1429 0.000004
2459 0.000007
6659 0.000019
7333 0.000020
419 0.000002
4211 0.000012
3121 0.000009
937 0.000004
5449 0.000016
2791 0.000008
6211 0.000017
4817 0.000014
1009 0.000003
2707 0.000008
1931 0.000006
1487 0.000004
1481 0.000005
137 0.000001
6277 0.000018
1181 0.000004
821 0.000003
6529 0.000019
3803 0.000012
6709 0.000019
281 0.000001
2767 0.000008
3089 0.000009
5807 0.000016
1999 0.000006
4093 0.000012
4451 0.000012
1249 0.000004
7019 0.000020
7039 0.000020
709 0.000003
5153 0.000015
4759 0.000014
7159 0.000021
5653 0.000016
3697 0.000010
6269 0.000018
2411 0.000008
3329 0.000010
1091 0.000004
4783 0.000014
3557 0.000010
5737 0.000017
5479 0.000016
4787 0.000013
853 0.000003
3631 0.000011
6971 0.000019
7523 0.000021
6011 0.000018
997 0.000003
4793 0.000015
3911 0.000012
2063 0.000007
1933 0.000005
3617 0.000011
6323 0.000018
4463 0.000013
2341 0.000007
3769 0.000011
4591 0.000013
1873 0.000005
1789 0.000006
2297 0.000007
2687 0.000008
4127 0.000011
227 0.000001
5689 0.000016
2053 0.000006
4643 0.000013
463 0.000002
383 0.000002
7717 0.000022
3169 0.000009
5417 0.000016
7883 0.000022
2113 0.000007
3709 0.000010
59 0.000001
7027 0.000020
3733 0.000010
3301 0.000009
211 0.000001
1097 0.000004
1823 0.000006
1621 0.000005
7219 0.000020
4721 0.000013
2887 0.000008
163 0.000002
7591 0.000022
5521 0.000016
7253 0.000021
499 0.000002
277 0.000001
3967 0.000012
2579 0.000007
2609 0.000007
7669 0.000022
271 0.000002
6833 0.000019
6007 0.000017
7309 0.000021
6673 0.000019
6793 0.000019
2857 0.000008
1213 0.000004
7723 0.000021
2267 0.000007
4423 0.000013
2797 0.000008
5867 0.000017
6247 0.000018
4987 0.000015
7549 0.000021
6803 0.000020
1303 0.000004
1289 0.000004
7873 0.000022
3923 0.000011
7243 0.000021
5107 0.000014
1913 0.000006
739 0.000003
2543 0.000007
643 0.000002
1367 0.000005
4007 0.000011
3041 0.000009
1669 0.000005
1321 0.000005
6199 0.000018
773 0.000003
3187 0.000009
919 0.000003
2521 0.000008
2251 0.000007
7 0.000000
1399 0.000005
4271 0.000012
3119 0.000009
31 0.000001
1607 0.000005
5693 0.000016
5573 0.000016
6397 0.000018
4789 0.000014
4391 0.000012
467 0.000002
587 0.000002
7369 0.000021
2027 0.000006
1223 0.000004
3533 0.000010
4969 0.000014
3433 0.000009
4073 0.000011
3323 0.000010
2621 0.000007
4919 0.000014
7193 0.000020
2129 0.000006
839 0.000003
1721 0.000005
827 0.000003
3989 0.000012
4651 0.000013
1201 0.000004
2029 0.000006
631 0.000002
4691 0.000014
6569 0.000019
4621 0.000013
4297 0.000013
2777 0.000008
1783 0.000005
4733 0.000014
5527 0.000023
6977 0.000020
1889 0.000006
5 0.000001
2731 0.000008
5209 0.000015
107 0.000001
2663 0.000008
4231 0.000012
6829 0.000019
1319 0.000004
179 0.000001
131 0.000001
4943 0.000015
3313 0.000009
5273 0.000015
1753 0.000005
3191 0.000009
523 0.000002
1583 0.000005
811 0.000003
547 0.000002
1973 0.000005
7331 0.000021
1277 0.000004
7853 0.000023
6961 0.000021
3271 0.000010
229 0.000001
3593 0.000010
563 0.000002
7561 0.000022
4951 0.000014
3011 0.000009
4519 0.000013
3673 0.000011
2557 0.000008
4441 0.000012
2953 0.000008
103 0.000001
479 0.000002
3457 0.000010
6719 0.000018
5021 0.000014
619 0.000002
6763 0.000019
1879 0.000022
2311 0.000007
3547 0.000017
1013 0.000003
6203 0.000018
1811 0.000006
6113 0.000018
6373 0.000018
2237 0.000007
3083 0.000009
2971 0.000009
1051 0.000004
1877 0.000006
1861 0.000006
823 0.000003
199 0.000001
521 0.000002
317 0.000001
43 0.000001
6037 0.000027
6101 0.000017
3571 0.000010
6949 0.000019
7673 0.000021
2377 0.000007
1871 0.000005
127 0.000001
2657 0.000007
6947 0.000019
5119 0.000014
4289 0.000012
7013 0.000019
5297 0.000015
7681 0.000022
809 0.000003
17 0.000001
2099 0.000007
457 0.000002
1447 0.000004
4909 0.000563
3 0.000001
2287 0.000007
7547 0.000022
751 0.000002
5011 0.000015
2281 0.000007
5669 0.000018
6491 0.000020
7481 0.000022
7411 0.000022
5233 0.000016
1997 0.000006
647 0.000003
4603 0.000014
3019 0.000010
443 0.000002
2753 0.000008
5897 0.000018
401 0.000002
4799 0.000014
691 0.000002
1693 0.000006
5323 0.000016
3851 0.000012
2819 0.000009
6781 0.000020
5189 0.000016
3517 0.000011
1483 0.000005
41 0.000000
4649 0.000014
5413 0.000017
4157 0.000013
5501 0.000016
4363 0.000013
5639 0.000017
1093 0.000004
7127 0.000021
6991 0.000020
5431 0.000016
7643 0.000022
7487 0.000022
5717 0.000017
2917 0.000009
7793 0.000023
3527 0.000011
0 0.000001
3671 0.000011
5657 0.000017
181 0.000001
661 0.000003
5099 0.000015
3037 0.000009
3907 0.000012
4129 0.000012
6607 0.000026
37 0.000001
1171 0.000004
1619 0.000005
907 0.000003
367 0.000002
5903 0.000018
5791 0.000018
251 0.000001
1901 0.000006
1657 0.000004
2939 0.000010
2243 0.000006
2659 0.000008
6067 0.000019
5309 0.000015
5171 0.000014
5701 0.000017
1663 0.000007
3581 0.000011
4517 0.000013
5813 0.000016
1831 0.000006
1597 0.000005
3299 0.000011
1193 0.000004
5881 0.000017
5351 0.000016
2347 0.000007
4967 0.000015
1063 0.000003
4001 0.000012
4217 0.000013
3637 0.000011
7459 0.000022
89 0.000001
2437 0.000008
151 0.000002
857 0.000003
6449 0.000020
373 0.000003
2357 0.000008
6637 0.000020
4639 0.000014
1523 0.000006
5147 0.000015
4931 0.000015
6917 0.000021
3659 0.000012
1217 0.000004
5051 0.000015
3391 0.000016
4483 0.000014
7621 0.000022
1373 0.000004
5849 0.000017
1259 0.000004
4751 0.000013
4567 0.000016
1471 0.000004
3373 0.000010
3491 0.000010
5569 0.000015
4099 0.000012
3643 0.000011
4583 0.000013
359 0.000001
4049 0.000011
571 0.000002
1951 0.000005
6563 0.000018
4447 0.000012
2897 0.000009
3463 0.000011
6883 0.000019
3701 0.000010
7457 0.000020
5981 0.000017
6263 0.000017
353 0.000002
97 0.000001
983 0.000003
1601 0.000005
3449 0.000010
617 0.000002
757 0.000002
5743 0.000023
4723 0.000013
53 0.000000
5869 0.000016
2927 0.000008
6379 0.000019
6317 0.000016
2689 0.000008
5857 0.000017
887 0.000003
5827 0.000016
4973 0.000014
2269 0.000007
2423 0.000007
7451 0.000021
4027 0.000011
7867 0.000021
2381 0.000007
941 0.000003
3167 0.000009
2713 0.000008
569 0.000002
3739 0.000010
2371 0.000008
6983 0.000019
6551 0.000018
2111 0.000007
701 0.000002
2699 0.000008
2693 0.000008
2671 0.000008
6053 0.000016
3847 0.000010
439 0.000001
4889 0.000012
3539 0.000010
4159 0.000011
4657 0.000015
5077 0.000015
7499 0.000021
6221 0.000017
4241 0.000012
3863 0.000012
5623 0.000015
6857 0.000018
4111 0.000010
7247 0.000020
7823 0.000022
2083 0.000006
2861 0.000008
3833 0.000012
7703 0.000021
1033 0.000003
6691 0.000019
3217 0.000009
5591 0.000016
2309 0.000007
7109 0.000020
2293 0.000007
4327 0.000019
3023 0.000009
6679 0.000018
6229 0.000016
1123 0.000004
3929 0.000010
5113 0.000014
953 0.000003
5939 0.000015
6689 0.000017
3371 0.000009
29 0.000001
743 0.000002
67 0.000001
5651 0.000015
2903 0.000008
5531 0.000014
4831 0.000012
7489 0.000019
787 0.000002
769 0.000003
593 0.000002
3877 0.000010
6733 0.000016
2549 0.000008
2711 0.000008
5387 0.000015
6427 0.000018
2851 0.000008
1381 0.000004
5039 0.000014
157 0.000001
1283 0.000004
4283 0.000012
389 0.000001
967 0.000003
7177 0.000019
1 0.000001
6841 0.000030
5003 0.000013
337 0.000001
5419 0.000015
2999 0.000008
6073 0.000017
6121 0.000016
3607 0.000009
3061 0.000008
7351 0.000020
2207 0.000006
3767 0.000010
6869 0.000017
6257 0.000017
6047 0.000015
2069 0.000006
2969 0.000007
5801 0.000015
5879 0.000016
6653 0.000018
7187 0.000019
5381 0.000014
1747 0.000005
4663 0.000013
5167 0.000013
2801 0.000008
5443 0.000015
6163 0.000017
5179 0.000014
5821 0.000016
7433 0.000020
7583 0.000179
2441 0.000007
7229 0.000020
4153 0.000011
4421 0.000013
3109 0.000010
2719 0.000009
6421 0.000021
7577 0.000022
4813 0.000013
3137 0.000009
449 0.000001
4993 0.000013
409 0.000002
7321 0.000021
877 0.000003
4673 0.000012
3947 0.000011
6043 0.000016
7759 0.000019
1907 0.000005
6571 0.000017
1543 0.000005
5009 0.000014
139 0.000000
6451 0.000017
6737 0.000018
6599 0.000018
1327 0.000004
1993 0.000005
2647 0.000008
6343 0.000018
7603 0.000021
6287 0.000017
557 0.000002
1291 0.000004
1279 0.000005
1453 0.000004
47 0.000001
5749 0.000016
149 0.000000
2 0.000000
3259 0.000009
3727 0.000010
2833 0.000008
4703 0.000013
2789 0.000008
7237 0.000019
3931 0.000011
1723 0.000005
2399 0.000007
1489 0.000005
1301 0.000004
7417 0.000020
2837 0.000008
7517 0.000020
6469 0.000017
7789 0.000021
6337 0.000018
6361 0.000017
6907 0.000018
1237 0.000004
4057 0.000011
4259 0.000011
4507 0.000012
5407 0.000014
3331 0.000008
7559 0.000020
2477 0.000007
977 0.000003
5437 0.000015
5227 0.000014
2729 0.000008
2017 0.000006
599 0.000002
6871 0.000020
971 0.000004
1667 0.000006
2963 0.000008
6661 0.000019
2447 0.000007
2617 0.000007
5197 0.000014
7639 0.000021
6761 0.000019
6553 0.000018
673 0.000003
7649 0.000022
1031 0.000003
5393 0.000014
6823 0.000018
4349 0.000011
6301 0.000016
2153 0.000006
6133 0.000015
5659 0.000013
1553 0.000004
431 0.000002
2003 0.000006
1231 0.000003
5861 0.000015
1741 0.000005
3719 0.000010
3467 0.000009
7121 0.000018
1129 0.000003
5503 0.000014
6197 0.000016
4877 0.000012
2137 0.000005
307 0.000001
5711 0.000015
4937 0.000014
239 0.000001
7829 0.000022
109 0.000000
601 0.000002
1087 0.000003
6091 0.000015
947 0.000003
1019 0.000003
7103 0.000018
797 0.000002
5333 0.000014
6701 0.000017
1511 0.000004
487 0.000002
641 0.000003
6089 0.000015
269 0.000001
5581 0.000017
5471 0.000024
3823 0.000011
613 0.000002
3889 0.000011
7817 0.000021
5483 0.000014
3559 0.000010
2909 0.000008
2539 0.000006
6029 0.000017
3853 0.000011
1493 0.000005
5279 0.000014
6863 0.000019
6791 0.000018
1777 0.000007
4357 0.000012
2551 0.000008
7069 0.000020
6577 0.000019
1061 0.000003
1153 0.000003
311 0.000002
5647 0.000015
7283 0.000019
4021 0.000011
1709 0.000005
421 0.000001
3221 0.000008
4243 0.000012
5839 0.000016
4679 0.000014
929 0.000003
883 0.000002
6703 0.000018
3881 0.000011
1559 0.000005
2213 0.000006
1439 0.000004
5507 0.000014
1637 0.000004
2473 0.000007
1151 0.000004
5557 0.000014
379 0.000002
3691 0.000011
2011 0.000006
7741 0.000021
7901 0.000022
7573 0.000021
3677 0.000011
4003 0.000012
5987 0.000017
5281 0.000014
3943 0.000011
433 0.000001
7529 0.000021
7307 0.000020
7753 0.000022
3917 0.000010
1427 0.000005
3257 0.000010
6827 0.000019
733 0.000003
4903 0.000013
397 0.000001
3359 0.000010
1229 0.000004
1069 0.000003
2143 0.000006
7727 0.000022
2633 0.000007
61 0.000001
2141 0.000006
6299 0.000017
5927 0.000016
1949 0.000006
4549 0.000013
191 0.000001
1697 0.000005
241 0.000001
2383 0.000009
2749 0.000008
3343 0.000010
257 0.000001
223 0.000001
509 0.000002
6311 0.000017
1549 0.000005
7057 0.000019
2957 0.000008
3251 0.000009
1609 0.000004
6779 0.000018
6173 0.000016
3001 0.000008
6581 0.000018
2089 0.000006
5923 0.000016
3541 0.000010
4373 0.000013
7607 0.000020
5741 0.000320
3499 0.000011
4273 0.000011
4523 0.000012
1049 0.000003
7129 0.000018
2203 0.000008
349 0.000001
6271 0.000035
3209 0.000008
4999 0.000012
7349 0.000018
5519 0.000013
79 0.000001
6131 0.000015
2081 0.000006
7687 0.000020
829 0.000002
3319 0.000009
7297 0.000018
659 0.000002
6329 0.000017
3797 0.000010
6521 0.000017
2531 0.000007
7507 0.000019
4139 0.000011
503 0.000002
4861 0.000012
71 0.000000
4253 0.000011
4933 0.000013
7841 0.000021
2677 0.000007
1787 0.000005
6151 0.000016
7151 0.000019
2221 0.000006
5303 0.000016
5237 0.000014
3529 0.000009
1699 0.000005
3307 0.000009
5779 0.000024
1433 0.000004
2273 0.000007
6359 0.000016
3779 0.000010
3821 0.000010
7879 0.000020
313 0.000001
3163 0.000008
4051 0.000011
863 0.000003
491 0.000002
3761 0.000010
5477 0.000015
4337 0.000012
6997 0.000019
1117 0.000004
607 0.000002
7757 0.000025
7541 0.000019
5261 0.000014
5399 0.000014
4019 0.000012
1571 0.000004
4229 0.000011
7043 0.000017
7079 0.000018
4079 0.000011
2417 0.000007
4457 0.000011
7393 0.000019
653 0.000003
2179 0.000005
3623 0.000012
3079 0.000009
719 0.000002
6217 0.000017
4637 0.000012
1627 0.000005
683 0.000002
3347 0.000010
4957 0.000012
5101 0.000013
4493 0.000013
5843 0.000016
1021 0.000003
859 0.000002
4219 0.000011
3229 0.000009
6389 0.000017
5783 0.000016
3253 0.000009
3919 0.000027
6079 0.000015
197 0.000001
5851 0.000014
283 0.000001
7877 0.000020
5087 0.000012
293 0.000001
13 0.000001
2803 0.000007
167 0.000001
7213 0.000021
6911 0.000021
3793 0.000010
4177 0.000010
6899 0.000018
347 0.000001
1499 0.000004
4513 0.000012
6481 0.000017
7477 0.000020
6353 0.000018
6967 0.000020
233 0.000001
263 0.000001
1423 0.000005
4397 0.000011
3361 0.000008
2843 0.000007
7699 0.000021
1109 0.000003
3461 0.000010
3181 0.000009
4339 0.000012
2039 0.000006
4481 0.000012
6959 0.000018
2389 0.000008
4013 0.000011
2393 0.000007
2239 0.000007
6367 0.000018
4597 0.000012
1187 0.000004
3407 0.000268
5641 0.000015
73 0.000001
5023 0.000013
2879 0.000008
3389 0.000009
7691 0.000019
3613 0.000010
1613 0.000005
4801 0.000013
4871 0.000014
1759 0.000005
2503 0.000007
3203 0.000009
1531 0.000004
5953 0.000016
4091 0.000009
4133 0.000010
2467 0.000007
2591 0.000007
1733 0.000005
4409 0.000010
4729 0.000011
7001 0.000016
577 0.000002
1307 0.000003
5563 0.000013
83 0.000001
1987 0.000005
1801 0.000005
1867 0.000005
7211 0.000017
911 0.000003
173 0.000001
4547 0.000011
193 0.000001
3067 0.000007
6143 0.000014
113 0.000001
541 0.000001
11 0.000001
19 0.000000
3413 0.000009
2339 0.000006
2333 0.000006
461 0.000002
101 0.000000
6619 0.000015
7537 0.000018
2161 0.000005
331 0.000002
7589 0.000018
23 0.000000
1451 0.000004
1361 0.000003
5441 0.000013
1459 0.000004
5231 0.000013
2741 0.000006
761 0.000002
3583 0.000009
4561 0.000011
1409 0.000004
5081 0.000012
5347 0.000012
2087 0.000005
1297 0.000004
1103 0.000003
881 0.000002
2683 0.000007
1979 0.000005
1847 0.000005
6547 0.000015
2131 0.000005
7207 0.000017
5059 0.000013
2593 0.000012
3469 0.000008
991 0.000002
1579 0.000004
6473 0.000015
2351 0.000006
1163 0.000003
5683 0.000013
4261 0.000010
1567 0.000004
677 0.000002
1039 0.000003
727 0.000002
3049 0.000008
4201 0.000009
3511 0.000008
1429 0.000004
2459 0.000006
6659 0.000016
7333 0.000017
419 0.000002
4211 0.000010
3121 0.000007
937 0.000002
5449 0.000013
2791 0.000007
6211 0.000015
4817 0.000012
1009 0.000003
2707 0.000007
1931 0.000005
1487 0.000003
1481 0.000004
137 0.000001
6277 0.000014
1181 0.000004
821 0.000002
6529 0.000015
3803 0.000009
6709 0.000016
281 0.000001
2767 0.000006
3089 0.000007
5807 0.000014
1999 0.000005
4093 0.000010
4451 0.000010
1249 0.000003
7019 0.000016
7039 0.000017
709 0.000002
5153 0.000012
4759 0.000011
7159 0.000017
5653 0.000014
3697 0.000008
6269 0.000015
2411 0.000006
3329 0.000008
1091 0.000003
4783 0.000012
3557 0.000008
5737 0.000013
5479 0.000013
4787 0.000012
853 0.000003
3631 0.000009
6971 0.000016
7523 0.000018
6011 0.000014
997 0.000003
4793 0.000012
3911 0.000011
2063 0.000005
1933 0.000005
3617 0.000008
6323 0.000014
4463 0.000011
2341 0.000005
3769 0.000009
4591 0.000011
1873 0.000005
1789 0.000005
2297 0.000006
2687 0.000007
4127 0.000010
227 0.000001
5689 0.000013
2053 0.000007
4643 0.000011
463 0.000002
383 0.000001
7717 0.000020
3169 0.000008
5417 0.000012
7883 0.000018
2113 0.000006
3709 0.000009
59 0.000001
7027 0.000016
3733 0.000009
3301 0.000008
211 0.000001
1097 0.000003
1823 0.000005
1621 0.000004
7219 0.000017
4721 0.000011
2887 0.000007
163 0.000001
7591 0.000019
5521 0.000012
7253 0.000017
499 0.000001
277 0.000001
3967 0.000010
2579 0.000006
2609 0.000006
7669 0.000018
271 0.000001
6833 0.000016
6007 0.000014
7309 0.000017
6673 0.000016
6793 0.000016
2857 0.000007
1213 0.000003
7723 0.000018
2267 0.000006
4423 0.000010
2797 0.000007
5867 0.000015
6247 0.000014
4987 0.000012
7549 0.000018
6803 0.000016
1303 0.000003
1289 0.000003
7873 0.000019
3923 0.000010
7243 0.000017
5107 0.000012
1913 0.000005
739 0.000002
2543 0.000006
643 0.000002
1367 0.000004
4007 0.000009
3041 0.000008
1669 0.000004
1321 0.000003
6199 0.000015
773 0.000003
3187 0.000008
919 0.000003
2521 0.000006
2251 0.000005
7 0.000000
1399 0.000004
4271 0.000010
3119 0.000007
31 0.000000
1607 0.000004
5693 0.000014
5573 0.000013
6397 0.000015
4789 0.000015
4391 0.000010
467 0.000001
587 0.000002
7369 0.000017
2027 0.000006
1223 0.000003
3533 0.000008
4969 0.000012
3433 0.000008
4073 0.000009
3323 0.000008
2621 0.000007
4919 0.000011
7193 0.000017
2129 0.000005
839 0.000002
1721 0.000004
827 0.000003
3989 0.000010
4651 0.000011
1201 0.000003
2029 0.000005
631 0.000003
4691 0.000011
6569 0.000015
4621 0.000011
4297 0.000010
2777 0.000007
1783 0.000005
4733 0.000011
5527 0.000013
6977 0.000016
1889 0.000004
5 0.000001
2731 0.000007
5209 0.000013
107 0.000001
2663 0.000007
4231 0.000010
6829 0.000015
1319 0.000003
179 0.000001
131 0.000001
4943 0.000011
3313 0.000008
5273 0.000013
1753 0.000005
3191 0.000008
523 0.000002
1583 0.000004
811 0.000003
547 0.000001
1973 0.000005
7331 0.000017
1277 0.000003
7853 0.000018
6961 0.000016
3271 0.000008
229 0.000001
3593 0.000009
563 0.000002
7561 0.000018
4951 0.000012
3011 0.000007
4519 0.000011
3673 0.000009
2557 0.000006
4441 0.000010
2953 0.000008
103 0.000001
479 0.000002
3457 0.000008
6719 0.000016
5021 0.000012
619 0.000002
6763 0.000016
1879 0.000005
2311 0.000006
3547 0.000009
1013 0.000003
6203 0.000014
1811 0.000008
6113 0.000015
6373 0.000015
2237 0.000005
3083 0.000007
2971 0.000008
1051 0.000003
1877 0.000005
1861 0.000004
823 0.000002
199 0.000001
521 0.000002
317 0.000001
43 0.000000
6037 0.000015
6101 0.000014
3571 0.000009
6949 0.000016
7673 0.000018
2377 0.000006
1871 0.000005
127 0.000001
2657 0.000006
6947 0.000016
5119 0.000012
4289 0.000011
7013 0.000016
5297 0.000012
7681 0.000018
809 0.000003
17 0.000000
2099 0.000005
457 0.000001
1447 0.000004
4909 0.000012
3 0.000001
2287 0.000006
7547 0.000018
751 0.000002
5011 0.000012
2281 0.000006
5669 0.000013
6491 0.000015
7481 0.000018
7411 0.000017
5233 0.000012
1997 0.000004
647 0.000002
4603 0.000011
3019 0.000008
443 0.000001
2753 0.000006
5897 0.000013
401 0.000001
4799 0.000011
691 0.000002
1693 0.000004
5323 0.000012
3851 0.000009
2819 0.000007
6781 0.000016
5189 0.000012
3517 0.000008
1483 0.000003
41 0.000001
4649 0.000011
5413 0.000012
4157 0.000010
5501 0.000012
4363 0.000010
5639 0.000013
1093 0.000003
7127 0.000016
6991 0.000018
5431 0.000013
7643 0.000018
7487 0.000019
5717 0.000015
2917 0.000008
7793 0.000019
3527 0.000009
0 0.000001
3671 0.000009
5657 0.000014
181 0.000001
661 0.000002
5099 0.000013
3037 0.000008
3907 0.000010
4129 0.000010
6607 0.000017
37 0.000001
1171 0.000004
1619 0.000004
907 0.000003
367 0.000001
5903 0.000023
5791 0.000014
251 0.000002
1901 0.000005
1657 0.000004
2939 0.000008
2243 0.000007
2659 0.000007
6067 0.000015
5309 0.000013
5171 0.000012
5701 0.000013
1663 0.000004
3581 0.000008
4517 0.000011
5813 0.000014
1831 0.000005
1597 0.000004
3299 0.000008
1193 0.000003
5881 0.000014
5351 0.000012
2347 0.000005
4967 0.000012
1063 0.000002
4001 0.000009
4217 0.000009
3637 0.000010
7459 0.000018
89 0.000001
2437 0.000006
151 0.000000
857 0.000003
6449 0.000015
373 0.000001
2357 0.000006
6637 0.000016
4639 0.000011
1523 0.000004
5147 0.000013
4931 0.000011
6917 0.000017
3659 0.000009
1217 0.000003
5051 0.000012
3391 0.000008
4483 0.000011
7621 0.000018
1373 0.000004
5849 0.000014
1259 0.000004
4751 0.000012
4567 0.000011
1471 0.000004
3373 0.000008
3491 0.000009
5569 0.000013
4099 0.000010
3643 0.000008
4583 0.000011
359 0.000002
4049 0.000009
571 0.000002
1951 0.000005
6563 0.000016
4447 0.000011
2897 0.000007
3463 0.000009
6883 0.000016
3701 0.000009
7457 0.000018
5981 0.000014
6263 0.000014
353 0.000002
97 0.000001
983 0.000002
1601 0.000004
3449 0.000008
617 0.000002
757 0.000002
5743 0.000013
4723 0.000011
53 0.000001
5869 0.000014
2927 0.000007
6379 0.000014
6317 0.000014
2689 0.000007
5857 0.000013
887 0.000001
5827 0.000012
4973 0.000012
2269 0.000006
2423 0.000006
7451 0.000017
4027 0.000009
7867 0.000019
2381 0.000005
941 0.000002
3167 0.000007
2713 0.000007
569 0.000002
3739 0.000010
2371 0.000005
6983 0.000021
6551 0.000015
2111 0.000006
701 0.000002
2699 0.000007
2693 0.000007
2671 0.000006
6053 0.000014
3847 0.000010
439 0.000001
4889 0.000012
3539 0.000008
4159 0.000010
4657 0.000011
5077 0.000012
7499 0.000018
6221 0.000014
4241 0.000010
3863 0.000009
5623 0.000013
6857 0.000016
4111 0.000010
7247 0.000018
7823 0.000018
2083 0.000005
2861 0.000007
3833 0.000010
7703 0.000017
1033 0.000003
6691 0.000016
3217 0.000009
5591 0.000014
2309 0.000005
7109 0.000021
2293 0.000006
4327 0.000010
3023 0.000007
6679 0.000016
6229 0.000015
1123 0.000003
3929 0.000009
5113 0.000012
953 0.000003
5939 0.000014
6689 0.000016
3371 0.000008
29 0.000001
743 0.000002
67 0.000000
5651 0.000013
2903 0.000007
5531 0.000013
4831 0.000011
7489 0.000018
787 0.000002
769 0.000002
593 0.000002
3877 0.000010
6733 0.000014
2549 0.000006
2711 0.000006
5387 0.000013
6427 0.000015
2851 0.000008
1381 0.000004
5039 0.000012
157 0.000001
1283 0.000004
4283 0.000011
389 0.000002
967 0.000003
7177 0.000016
1 0.000000
6841 0.000017
5003 0.000013
337 0.000001
5419 0.000012
2999 0.000008
6073 0.000014
6121 0.000014
3607 0.000009
3061 0.000007
7351 0.000017
2207 0.000006
3767 0.000009
6869 0.000018
6257 0.000014
6047 0.000013
2069 0.000006
2969 0.000007
5801 0.000014
5879 0.000014
6653 0.000016
7187 0.000016
5381 0.000013
1747 0.000004
4663 0.000011
5167 0.000012
2801 0.000007
5443 0.000014
6163 0.000015
5179 0.000012
5821 0.000014
7433 0.000018
7583 0.000018
2441 0.000006
7229 0.000017
4153 0.000010
4421 0.000010
3109 0.000007
2719 0.000006
6421 0.000015
7577 0.000018
4813 0.000011
3137 0.000007
449 0.000002
4993 0.000012
409 0.000001
7321 0.000017
877 0.000003
4673 0.000011
3947 0.000009
6043 0.000015
7759 0.000017
1907 0.000005
6571 0.000015
1543 0.000004
5009 0.000012
139 0.000000
6451 0.000020
6737 0.000016
6599 0.000015
1327 0.000004
1993 0.000005
2647 0.000007
6343 0.000014
7603 0.000016
6287 0.000015
557 0.000002
1291 0.000003
1279 0.000003
1453 0.000004
47 0.000001
5749 0.000013
149 0.000001
2 0.000001
3259 0.000008
3727 0.000010
2833 0.000006
4703 0.000011
2789 0.000007
7237 0.000017
3931 0.000010
1723 0.000005
2399 0.000005
1489 0.000003
1301 0.000004
7417 0.000017
2837 0.000007
7517 0.000017
6469 0.000015
7789 0.000018
6337 0.000050
6361 0.000016
6907 0.000015
1237 0.000004
4057 0.000009
4259 0.000010
4507 0.000011
5407 0.000013
3331 0.000008
7559 0.000017
2477 0.000006
977 0.000002
5437 0.000013
5227 0.000012
2729 0.000006
2017 0.000005
599 0.000002
6871 0.000016
971 0.000002
1667 0.000005
2963 0.000007
6661 0.000016
2447 0.000006
2617 0.000007
5197 0.000012
7639 0.000017
6761 0.000017
6553 0.000014
673 0.000002
7649 0.000018
1031 0.000003
5393 0.000012
6823 0.000016
4349 0.000010
6301 0.000014
2153 0.000005
6133 0.000015
5659 0.000013
1553 0.000004
431 0.000002
2003 0.000005
1231 0.000003
5861 0.000014
1741 0.000004
3719 0.000009
3467 0.000008
7121 0.000017
1129 0.000003
5503 0.000013
6197 0.000015
4877 0.000012
2137 0.000006
307 0.000001
5711 0.000013
4937 0.000011
239 0.000001
7829 0.000018
109 0.000001
601 0.000002
1087 0.000002
6091 0.000015
947 0.000002
1019 0.000003
7103 0.000021
797 0.000002
5333 0.000013
6701 0.000015
1511 0.000003
487 0.000001
641 0.000002
6089 0.000014
269 0.000001
5581 0.000013
5471 0.000013
3823 0.000008
613 0.000002
3889 0.000009
7817 0.000018
5483 0.000012
3559 0.000009
2909 0.000007
2539 0.000006
6029 0.000013
3853 0.000009
1493 0.000003
5279 0.000012
6863 0.000016
6791 0.000015
1777 0.000005
4357 0.000011
2551 0.000006
7069 0.000017
6577 0.000016
1061 0.000003
1153 0.000003
311 0.000001
5647 0.000013
7283 0.000017
4021 0.000010
1709 0.000004
421 0.000002
3221 0.000008
4243 0.000010
5839 0.000013
4679 0.000011
929 0.000003
883 0.000003
6703 0.000016
3881 0.000009
1559 0.000005
2213 0.000006
1439 0.000004
5507 0.000012
1637 0.000004
2473 0.000006
1151 0.000003
5557 0.000013
379 0.000001
3691 0.000009
2011 0.000005
7741 0.000019
7901 0.000019
7573 0.000017
3677 0.000008
4003 0.000010
5987 0.000015
5281 0.000013
3943 0.000009
433 0.000002
7529 0.000017
7307 0.000017
7753 0.000017
3917 0.000010
1427 0.000003
3257 0.000008
6827 0.000016
733 0.000002
4903 0.000012
397 0.000002
3359 0.000008
1229 0.000004
1069 0.000003
2143 0.000006
7727 0.000018
2633 0.000006
61 0.000000
2141 0.000005
6299 0.000015
5927 0.000014
1949 0.000005
4549 0.000010
191 0.000001
1697 0.000005
241 0.000001
2383 0.000006
2749 0.000007
3343 0.000008
257 0.000001
223 0.000001
509 0.000002
6311 0.000014
1549 0.000004
7057 0.000016
2957 0.000008
3251 0.000008
1609 0.000004
6779 0.000016
6173 0.000014
3001 0.000008
6581 0.000016
2089 0.000005
5923 0.000014
3541 0.000008
4373 0.000010
7607 0.000018
5741 0.000013
3499 0.000009
4273 0.000010
4523 0.000011
1049 0.000003
7129 0.000016
2203 0.000005
349 0.000001
6271 0.000015
3209 0.000008
4999 0.000011
7349 0.000017
5519 0.000013
79 0.000001
6131 0.000014
2081 0.000005
7687 0.000018
829 0.000003
3319 0.000007
7297 0.000018
659 0.000002
6329 0.000015
3797 0.000009
6521 0.000021
2531 0.000006
7507 0.000017
4139 0.000010
503 0.000001
4861 0.000012
71 0.000000
4253 0.000010
4933 0.000012
7841 0.000017
2677 0.000006
1787 0.000004
6151 0.000014
7151 0.000016
2221 0.000006
5303 0.000013
5237 0.000012
3529 0.000008
1699 0.000004
3307 0.000008
5779 0.000013
1433 0.000003
2273 0.000005
6359 0.000015
3779 0.000009
3821 0.000009
7879 0.000019
313 0.000001
3163 0.000008
4051 0.000009
863 0.000002
491 0.000002
3761 0.000009
5477 0.000011
4337 0.000015
6997 0.000016
1117 0.000003
607 0.000001
7757 0.000018
7541 0.000017
5261 0.000013
5399 0.000013
4019 0.000010
1571 0.000004
4229 0.000010
7043 0.000016
7079 0.000016
4079 0.000010
2417 0.000006
4457 0.000011
7393 0.000017
653 0.000002
2179 0.000005
3623 0.000009
3079 0.000007
719 0.000002
6217 0.000014
4637 0.000011
1627 0.000005
683 0.000002
3347 0.000008
4957 0.000012
5101 0.000012
4493 0.000011
5843 0.000014
1021 0.000003
859 0.000002
4219 0.000010
3229 0.000008
6389 0.000020
5783 0.000014
3253 0.000008
3919 0.000009
6079 0.000014
197 0.000001
5851 0.000014
283 0.000001
7877 0.000018
5087 0.000012
293 0.000001
13 0.000001
2803 0.000007
167 0.000001
7213 0.000017
6911 0.000016
3793 0.000009
4177 0.000009
6899 0.000016
347 0.000002
1499 0.000004
4513 0.000011
6481 0.000016
7477 0.000018
6353 0.000017
6967 0.000016
233 0.000001
263 0.000001
1423 0.000004
4397 0.000010
3361 0.000009
2843 0.000007
7699 0.000018
1109 0.000003
3461 0.000008
3181 0.000008
4339 0.000010
2039 0.000005
4481 0.000011
6959 0.000016
2389 0.000006
4013 0.000010
2393 0.000006
2239 0.000005
6367 0.000015
4597 0.000011
1187 0.000003
3407 0.000008
5641 0.000013
73 0.000001
5023 0.000012
2879 0.000007
3389 0.000008
7691 0.000018
3613 0.000008
1613 0.000004
4801 0.000011
4871 0.000012
1759 0.000004
2503 0.000006
3203 0.000007
1531 0.000003
5953 0.000014
4091 0.000010
4133 0.000011
2467 0.000006
2591 0.000006
1733 0.000004
4409 0.000011
4729 0.000011
7001 0.000018
577 0.000002
1307 0.000004
5563 0.000014
83 0.000001
1987 0.000005
1801 0.000005
1867 0.000005
7211 0.000017
911 0.000002
173 0.000001
4547 0.000011
193 0.000001
3067 0.000007
6143 0.000015
113 0.000001
541 0.000002
11 0.000000
19 0.000000
3413 0.000008
2339 0.000006
2333 0.000007
461 0.000002
101 0.000001
6619 0.000016
7537 0.000018
2161 0.000006
331 0.000001
7589 0.000018
23 0.000000
1451 0.000004
1361 0.000004
5441 0.000013
1459 0.000004
5231 0.000013
2741 0.000007
761 0.000002
3583 0.000009
4561 0.000011
1409 0.000004
5081 0.000012
5347 0.000013
2087 0.000005
1297 0.000003
1103 0.000003
881 0.000002
2683 0.000006
1979 0.000005
1847 0.000005
6547 0.000021
2131 0.000006
7207 0.000017
5059 0.000012
2593 0.000006
3469 0.000009
991 0.000002
1579 0.000003
6473 0.000015
2351 0.000005
1163 0.000002
5683 0.000012
4261 0.000010
1567 0.000003
677 0.000001
1039 0.000002
727 0.000002
3049 0.000008
4201 0.000010
3511 0.000008
1429 0.000004
2459 0.000005
6659 0.000015
7333 0.000017
419 0.000002
4211 0.000010
3121 0.000008
937 0.000002
5449 0.000013
2791 0.000007
6211 0.000015
4817 0.000011
1009 0.000002
2707 0.000006
1931 0.000005
1487 0.000003
1481 0.000003
137 0.000001
6277 0.000014
1181 0.000007
821 0.000002
6529 0.000015
3803 0.000009
6709 0.000015
281 0.000001
2767 0.000006
3089 0.000008
5807 0.000013
1999 0.000005
4093 0.000010
4451 0.000010
1249 0.000003
7019 0.000016
7039 0.000016
709 0.000002
5153 0.000012
4759 0.000011
7159 0.000015
5653 0.000013
3697 0.000009
6269 0.000016
2411 0.000006
3329 0.000008
1091 0.000003
4783 0.000011
3557 0.000008
5737 0.000013
5479 0.000014
4787 0.000011
853 0.000002
3631 0.000008
6971 0.000016
7523 0.000018
6011 0.000014
997 0.000003
4793 0.000011
3911 0.000009
2063 0.000005
1933 0.000005
3617 0.000008
6323 0.000015
4463 0.000010
2341 0.000006
3769 0.000009
4591 0.000012
1873 0.000005
1789 0.000005
2297 0.000005
2687 0.000007
4127 0.000009
227 0.000001
5689 0.000014
2053 0.000005
4643 0.000011
463 0.000002
383 0.000002
7717 0.000019
3169 0.000008
5417 0.000013
7883 0.000019
2113 0.000005
3709 0.000009
59 0.000000
7027 0.000017
3733 0.000009
3301 0.000007
211 0.000001
1097 0.000003
1823 0.000005
1621 0.000004
7219 0.000017
4721 0.000011
2887 0.000007
163 0.000001
7591 0.000018
5521 0.000013
7253 0.000021
499 0.000001
277 0.000001
3967 0.000010
2579 0.000007
2609 0.000007
7669 0.000018
271 0.000001
6833 0.000016
6007 0.000014
7309 0.000019
6673 0.000015
6793 0.000016
2857 0.000006
1213 0.000003
7723 0.000019
2267 0.000006
4423 0.000011
2797 0.000007
5867 0.000014
6247 0.000015
4987 0.000011
7549 0.000017
6803 0.000016
1303 0.000005
1289 0.000003
7873 0.000019
3923 0.000009
7243 0.000017
5107 0.000012
1913 0.000004
739 0.000002
2543 0.000006
643 0.000002
1367 0.000003
4007 0.000011
3041 0.000008
1669 0.000005
1321 0.000003
6199 0.000015
773 0.000002
3187 0.000011
919 0.000003
2521 0.000006
2251 0.000005
7 0.000000
1399 0.000004
4271 0.000011
3119 0.000007
31 0.000000
1607 0.000003
5693 0.000013
5573 0.000013
6397 0.000016
4789 0.000012
4391 0.000010
467 0.000001
587 0.000002
7369 0.000017
2027 0.000005
1223 0.000003
3533 0.000009
4969 0.000011
3433 0.000007
4073 0.000009
3323 0.000007
2621 0.000006
4919 0.000012
7193 0.000016
2129 0.000005
839 0.000002
1721 0.000005
827 0.000002
3989 0.000009
4651 0.000011
1201 0.000003
2029 0.000005
631 0.000002
4691 0.000011
6569 0.000016
4621 0.000011
4297 0.000011
2777 0.000007
1783 0.000006
4733 0.000011
5527 0.000013
6977 0.000016
1889 0.000005
5 0.000000
2731 0.000007
5209 0.000012
107 0.000000
2663 0.000007
4231 0.000010
6829 0.000016
1319 0.000003
179 0.000001
131 0.000001
4943 0.000013
3313 0.000009
5273 0.000013
1753 0.000005
3191 0.000008
523 0.000002
1583 0.000004
811 0.000002
547 0.000002
1973 0.000004
7331 0.000017
1277 0.000004
7853 0.000018
6961 0.000016
3271 0.000007
229 0.000001
3593 0.000009
563 0.000002
7561 0.000018
4951 0.000012
3011 0.000007
4519 0.000011
3673 0.000009
2557 0.000006
4441 0.000011
2953 0.000007
103 0.000001
479 0.000002
3457 0.000009
6719 0.000015
5021 0.000013
619 0.000002
6763 0.000016
1879 0.000005
2311 0.000006
3547 0.000009
1013 0.000003
6203 0.000015
1811 0.000004
6113 0.000015
6373 0.000015
2237 0.000006
3083 0.000007
2971 0.000006
1051 0.000003
1877 0.000005
1861 0.000004
823 0.000003
199 0.000001
521 0.000002
317 0.000001
43 0.000000
6037 0.000014
6101 0.000014
3571 0.000009
6949 0.000017
7673 0.000019
2377 0.000006
1871 0.000005
127 0.000001
2657 0.000006
6947 0.000016
5119 0.000012
4289 0.000011
7013 0.000016
5297 0.000065
7681 0.000018
809 0.000002
17 0.000001
2099 0.000005
457 0.000002
1447 0.000004
4909 0.000012
3 0.000001
2287 0.000006
7547 0.000018
751 0.000003
5011 0.000012
2281 0.000005
5669 0.000014
6491 0.000015
7481 0.000017
7411 0.000017
5233 0.000013
1997 0.000006
647 0.000002
4603 0.000011
3019 0.000008
443 0.000001
2753 0.000007
5897 0.000014
401 0.000001
4799 0.000016
691 0.000002
1693 0.000005
5323 0.000012
3851 0.000009
2819 0.000007
6781 0.000016
5189 0.000012
3517 0.000008
1483 0.000004
41 0.000001
4649 0.000011
5413 0.000013
4157 0.000010
5501 0.000012
4363 0.000011
5639 0.000013
1093 0.000004
7127 0.000017
6991 0.000017
5431 0.000013
7643 0.000018
7487 0.000017
5717 0.000014
2917 0.000007
7793 0.000017
3527 0.000009
0 0.000001
3671 0.000009
5657 0.000013
181 0.000001
661 0.000002
5099 0.000013
3037 0.000007
3907 0.000009
4129 0.000009
6607 0.000020
37 0.000001
1171 0.000003
1619 0.000004
907 0.000002
367 0.000001
5903 0.000014
5791 0.000013
251 0.000001
1901 0.000004
1657 0.000005
2939 0.000007
2243 0.000006
2659 0.000008
6067 0.000015
5309 0.000012
5171 0.000012
5701 0.000012
1663 0.000004
3581 0.000009
4517 0.000011
5813 0.000013
1831 0.000005
1597 0.000004
3299 0.000008
1193 0.000003
5881 0.000014
5351 0.000013
2347 0.000006
4967 0.000012
1063 0.000003
4001 0.000010
4217 0.000010
3637 0.000009
7459 0.000017
89 0.000000
2437 0.000006
151 0.000000
857 0.000003
6449 0.000015
373 0.000001
2357 0.000005
6637 0.000016
4639 0.000011
1523 0.000004
5147 0.000012
4931 0.000012
6917 0.000016
3659 0.000010
1217 0.000003
5051 0.000012
3391 0.000008
4483 0.000010
7621 0.000017
1373 0.000003
5849 0.000014
1259 0.000003
4751 0.000011
4567 0.000011
1471 0.000004
3373 0.000008
3491 0.000008
5569 0.000013
4099 0.000009
3643 0.000008
4583 0.000010
359 0.000001
4049 0.000009
571 0.000001
1951 0.000004
6563 0.000014
4447 0.000010
2897 0.000006
3463 0.000008
6883 0.000016
3701 0.000008
7457 0.000016
5981 0.000014
6263 0.000015
353 0.000006
97 0.000001
983 0.000003
1601 0.000004
3449 0.000009
617 0.000002
757 0.000002
5743 0.000013
4723 0.000011
53 0.000000
5869 0.000013
2927 0.000007
6379 0.000016
6317 0.000015
2689 0.000007
5857 0.000014
887 0.000003
5827 0.000014
4973 0.000011
2269 0.000006
2423 0.000005
7451 0.000017
4027 0.000009
7867 0.000018
2381 0.000006
941 0.000003
3167 0.000008
2713 0.000006
569 0.000002
3739 0.000010
2371 0.000006
6983 0.000017
6551 0.000015
2111 0.000005
701 0.000003
2699 0.000007
2693 0.000007
2671 0.000006
6053 0.000015
3847 0.000010
439 0.000002
4889 0.000012
3539 0.000008
4159 0.000009
4657 0.000012
5077 0.000012
7499 0.000018
6221 0.000015
4241 0.000010
3863 0.000010
5623 0.000013
6857 0.000016
4111 0.000011
7247 0.000017
7823 0.000019
2083 0.000005
2861 0.000007
3833 0.000009
7703 0.000018
1033 0.000003
6691 0.000015
3217 0.000008
5591 0.000014
2309 0.000006
7109 0.000017
2293 0.000006
4327 0.000011
3023 0.000007
6679 0.000016
6229 0.000014
1123 0.000003
3929 0.000019
5113 0.000012
953 0.000003
5939 0.000014
6689 0.000016
3371 0.000008
29 0.000000
743 0.000002
67 0.000001
5651 0.000014
2903 0.000008
5531 0.000013
4831 0.000011
7489 0.000017
787 0.000002
769 0.000002
593 0.000001
3877 0.000010
6733 0.000016
2549 0.000006
2711 0.000007
5387 0.000013
6427 0.000016
2851 0.000007
1381 0.000003
5039 0.000011
157 0.000001
1283 0.000003
4283 0.000010
389 0.000001
967 0.000002
7177 0.000017
1 0.000000
6841 0.000013
5003 0.000011
337 0.000001
5419 0.000012
2999 0.000007
6073 0.000014
6121 0.000015
3607 0.000009
3061 0.000008
7351 0.000017
2207 0.000005
3767 0.000009
6869 0.000015
6257 0.000016
6047 0.000015
2069 0.000006
2969 0.000008
5801 0.000014
5879 0.000015
6653 0.000015
7187 0.000017
5381 0.000013
1747 0.000004
4663 0.000011
5167 0.000012
2801 0.000007
5443 0.000013
6163 0.000015
5179 0.000012
5821 0.000014
7433 0.000017
7583 0.000018
2441 0.000006
7229 0.000017
4153 0.000010
4421 0.000011
3109 0.000007
2719 0.000007
6421 0.000015
7577 0.000017
4813 0.000012
3137 0.000008
449 0.000002
4993 0.000012
409 0.000002
7321 0.000017
877 0.000002
4673 0.000011
3947 0.000009
6043 0.000014
7759 0.000019
1907 0.000004
6571 0.000015
1543 0.000004
5009 0.000012
139 0.000001
6451 0.000014
6737 0.000016
6599 0.000015
1327 0.000003
1993 0.000006
2647 0.000007
6343 0.000015
7603 0.000018
6287 0.000015
557 0.000002
1291 0.000004
1279 0.000003
1453 0.000004
47 0.000000
5749 0.000014
149 0.000000
2 0.000000
3259 0.000008
3727 0.000009
2833 0.000007
4703 0.000016
2789 0.000008
7237 0.000018
3931 0.000009
1723 0.000004
2399 0.000006
1489 0.000004
1301 0.000004
7417 0.000018
2837 0.000008
7517 0.000017
6469 0.000015
7789 0.000019
6337 0.000015
6361 0.000014
6907 0.000016
1237 0.000003
4057 0.000011
4259 0.000011
4507 0.000011
5407 0.000012
3331 0.000008
7559 0.000017
2477 0.000006
977 0.000003
5437 0.000012
5227 0.000013
2729 0.000006
2017 0.000005
599 0.000002
6871 0.000016
971 0.000003
1667 0.000004
2963 0.000007
6661 0.000016
2447 0.000006
2617 0.000010
5197 0.000012
7639 0.000018
6761 0.000016
6553 0.000016
673 0.000002
7649 0.000017
1031 0.000003
5393 0.000013
6823 0.000016
4349 0.000011
6301 0.000014
2153 0.000005
6133 0.000015
5659 0.000013
1553 0.000003
431 0.000001
2003 0.000005
1231 0.000003
5861 0.000015
1741 0.000004
3719 0.000009
3467 0.000008
7121 0.000016
1129 0.000003
5503 0.000013
6197 0.000015
4877 0.000012
2137 0.000006
307 0.000002
5711 0.000013
4937 0.000012
239 0.000001
7829 0.000018
109 0.000001
601 0.000002
1087 0.000003
6091 0.000014
947 0.000003
1019 0.000003
7103 0.000018
797 0.000002
5333 0.000012
6701 0.000015
1511 0.000004
487 0.000001
641 0.000002
6089 0.000014
269 0.000001
5581 0.000013
5471 0.000013
3823 0.000011
613 0.000002
3889 0.000010
7817 0.000018
5483 0.000012
3559 0.000009
2909 0.000007
2539 0.000006
6029 0.000014
3853 0.000008
1493 0.000003
5279 0.000012
6863 0.000015
6791 0.000016
1777 0.000004
4357 0.000011
2551 0.000006
7069 0.000016
6577 0.000016
1061 0.000003
1153 0.000003
311 0.000001
5647 0.000014
7283 0.000021
4021 0.000010
1709 0.000004
421 0.000001
3221 0.000009
4243 0.000010
5839 0.000014
4679 0.000011
929 0.000002
883 0.000002
6703 0.000016
3881 0.000009
1559 0.000004
2213 0.000005
1439 0.000003
5507 0.000014
1637 0.000004
2473 0.000006
1151 0.000003
5557 0.000013
379 0.000001
3691 0.000009
2011 0.000004
7741 0.000018
7901 0.000019
7573 0.000019
3677 0.000008
4003 0.000010
5987 0.000015
5281 0.000012
3943 0.000009
433 0.000002
7529 0.000017
7307 0.000016
7753 0.000018
3917 0.000010
1427 0.000004
3257 0.000012
6827 0.000016
733 0.000002
4903 0.000012
397 0.000001
3359 0.000006
1229 0.000003
1069 0.000002
2143 0.000004
7727 0.000019
2633 0.000006
61 0.000000
2141 0.000005
6299 0.000015
5927 0.000014
1949 0.000005
4549 0.000010
191 0.000001
1697 0.000004
241 0.000001
2383 0.000005
2749 0.000006
3343 0.000008
257 0.000001
223 0.000000
509 0.000002
6311 0.000014
1549 0.000003
7057 0.000016
2957 0.000007
3251 0.000008
1609 0.000003
6779 0.000015
6173 0.000074
3001 0.000007
6581 0.000014
2089 0.000005
5923 0.000014
3541 0.000008
4373 0.000010
7607 0.000017
5741 0.000012
3499 0.000008
4273 0.000010
4523 0.000010
1049 0.000002
7129 0.000015
2203 0.000005
349 0.000001
6271 0.000014
3209 0.000007
4999 0.000011
7349 0.000017
5519 0.000011
79 0.000001
6131 0.000013
2081 0.000005
7687 0.000018
829 0.000002
3319 0.000007
7297 0.000017
659 0.000001
6329 0.000015
3797 0.000009
6521 0.000016
2531 0.000006
7507 0.000018
4139 0.000010
503 0.000001
4861 0.000011
71 0.000001
4253 0.000011
4933 0.000012
7841 0.000019
2677 0.000007
1787 0.000004
6151 0.000015
7151 0.000025
2221 0.000005
5303 0.000012
5237 0.000012
3529 0.000008
1699 0.000005
3307 0.000008
5779 0.000014
1433 0.000003
2273 0.000006
6359 0.000015
3779 0.000009
3821 0.000009
7879 0.000019
313 0.000002
3163 0.000007
4051 0.000010
863 0.000003
491 0.000001
3761 0.000009
5477 0.000013
4337 0.000010
6997 0.000017
1117 0.000003
607 0.000002
7757 0.000018
7541 0.000017
5261 0.000013
5399 0.000013
4019 0.000010
1571 0.000004
4229 0.000011
7043 0.000016
7079 0.000017
4079 0.000009
2417 0.000005
4457 0.000009
7393 0.000018
653 0.000001
2179 0.000005
3623 0.000009
3079 0.000008
719 0.000002
6217 0.000014
4637 0.000011
1627 0.000004
683 0.000002
3347 0.000008
4957 0.000012
5101 0.000012
4493 0.000010
5843 0.000013
1021 0.000003
859 0.000002
4219 0.000010
3229 0.000008
6389 0.000015
5783 0.000013
3253 0.000008
3919 0.000009
6079 0.000014
197 0.000001
5851 0.000013
283 0.000002
7877 0.000017
5087 0.000012
293 0.000001
13 0.000001
2803 0.000007
167 0.000001
7213 0.000017
6911 0.000016
3793 0.000009
4177 0.000011
6899 0.000017
347 0.000001
1499 0.000004
4513 0.000011
6481 0.000016
7477 0.000018
6353 0.000015
6967 0.000017
233 0.000001
263 0.000001
1423 0.000004
4397 0.000011
3361 0.000009
2843 0.000007
7699 0.000017
1109 0.000003
3461 0.000008
3181 0.000008
4339 0.000010
2039 0.000006
4481 0.000011
6959 0.000016
2389 0.000006
4013 0.000009
2393 0.000006
2239 0.000006
6367 0.000014
4597 0.000011
1187 0.000004
3407 0.000009
5641 0.000014
73 0.000000
5023 0.000012
2879 0.000007
3389 0.000009
7691 0.000018
3613 0.000010
1613 0.000004
4801 0.000011
4871 0.000011
1759 0.000004
2503 0.000006
3203 0.000007
1531 0.000003
5953 0.000015
4091 0.000010
4133 0.000010
2467 0.000007
2591 0.000006
1733 0.000005
4409 0.000010
4729 0.000011
7001 0.000017
577 0.000002
1307 0.000004
5563 0.000013
83 0.000001
1987 0.000005
1801 0.000005
1867 0.000005
7211 0.000016
911 0.000003
173 0.000001
4547 0.000011
193 0.000001
3067 0.000008
6143 0.000014
113 0.000001
541 0.000002
11 0.000000
19 0.000001
3413 0.000008
2339 0.000006
2333 0.000006
461 0.000001
101 0.000000
6619 0.000015
7537 0.000018
2161 0.000006
331 0.000001
7589 0.000018
23 0.000000
1451 0.000004
1361 0.000004
5441 0.000013
1459 0.000004
5231 0.000013
2741 0.000007
761 0.000002
3583 0.000009
4561 0.000011
1409 0.000004
5081 0.000012
5347 0.000012
2087 0.000005
1297 0.000004
1103 0.000004
881 0.000003
2683 0.000007
1979 0.000005
1847 0.000005
6547 0.000016
2131 0.000005
7207 0.000017
5059 0.000012
2593 0.000006
3469 0.000009
991 0.000002
1579 0.000004
6473 0.000015
2351 0.000006
1163 0.000003
5683 0.000013
4261 0.000011
1567 0.000004
677 0.000002
1039 0.000003
727 0.000002
3049 0.000008
4201 0.000010
3511 0.000009
1429 0.000004
2459 0.000006
6659 0.000015
7333 0.000018
419 0.000001
4211 0.000010
3121 0.000008
937 0.000002
5449 0.000012
2791 0.000006
6211 0.000014
4817 0.000011
1009 0.000003
2707 0.000006
1931 0.000003
1487 0.000004
1481 0.000004
137 0.000001
6277 0.000012
1181 0.000003
821 0.000002
6529 0.000015
3803 0.000008
6709 0.000015
281 0.000001
2767 0.000007
3089 0.000008
5807 0.000014
1999 0.000005
4093 0.000010
4451 0.000010
1249 0.000003
7019 0.000017
7039 0.000017
709 0.000002
5153 0.000012
4759 0.000012
7159 0.000016
5653 0.000013
3697 0.000008
6269 0.000014
2411 0.000005
3329 0.000007
1091 0.000003
4783 0.000012
3557 0.000008
5737 0.000013
5479 0.000012
4787 0.000012
853 0.000003
3631 0.000009
6971 0.000016
7523 0.000017
6011 0.000014
997 0.000003
4793 0.000011
3911 0.000009
2063 0.000005
1933 0.000005
3617 0.000009
6323 0.000015
4463 0.000010
2341 0.000005
3769 0.000009
4591 0.000011
1873 0.000005
1789 0.000004
2297 0.000006
2687 0.000007
4127 0.000009
227 0.000001
5689 0.000013
2053 0.000005
4643 0.000011
463 0.000002
383 0.000002
7717 0.000019
3169 0.000008
5417 0.000013
7883 0.000019
2113 0.000006
3709 0.000009
59 0.000000
7027 0.000016
3733 0.000009
3301 0.000007
211 0.000001
1097 0.000003
1823 0.000004
1621 0.000004
7219 0.000017
4721 0.000011
2887 0.000007
163 0.000000
7591 0.000018
5521 0.000013
7253 0.000016
499 0.000002
277 0.000001
3967 0.000009
2579 0.000006
2609 0.000006
7669 0.000017
271 0.000001
6833 0.000015
6007 0.000014
7309 0.000017
6673 0.000016
6793 0.000015
2857 0.000007
1213 0.000003
7723 0.000018
2267 0.000005
4423 0.000010
2797 0.000007
5867 0.000013
6247 0.000015
4987 0.000011
7549 0.000017
6803 0.000015
1303 0.000003
1289 0.000003
7873 0.000019
3923 0.000010
7243 0.000017
5107 0.000012
1913 0.000004
739 0.000002
2543 0.000007
643 0.000002
1367 0.000003
4007 0.000010
3041 0.000007
1669 0.000004
1321 0.000004
6199 0.000021
773 0.000002
3187 0.000007
919 0.000002
2521 0.000006
2251 0.000006
7 0.000001
1399 0.000004
4271 0.000010
3119 0.000007
31 0.000000
1607 0.000004
5693 0.000014
5573 0.000013
6397 0.000015
4789 0.000011
4391 0.000011
467 0.000001
587 0.000002
7369 0.000018
2027 0.000005
1223 0.000004
3533 0.000009
4969 0.000011
3433 0.000009
4073 0.000010
3323 0.000009
2621 0.000007
4919 0.000012
7193 0.000017
2129 0.000005
839 0.000003
1721 0.000005
827 0.000002
3989 0.000010
4651 0.000011
1201 0.000003
2029 0.000005
631 0.000002
4691 0.000011
6569 0.000016
4621 0.000011
4297 0.000010
2777 0.000006
1783 0.000004
4733 0.000011
5527 0.000013
6977 0.000016
1889 0.000005
5 0.000001
2731 0.000007
5209 0.000012
107 0.000001
2663 0.000006
4231 0.000010
6829 0.000016
1319 0.000003
179 0.000001
131 0.000001
4943 0.000012
3313 0.000008
5273 0.000013
1753 0.000004
3191 0.000007
523 0.000002
1583 0.000004
811 0.000002
547 0.000001
1973 0.000005
7331 0.000016
1277 0.000003
7853 0.000019
6961 0.000016
3271 0.000008
229 0.000001
3593 0.000009
563 0.000002
7561 0.000018
4951 0.000012
3011 0.000008
4519 0.000011
3673 0.000009
2557 0.000006
4441 0.000010
2953 0.000007
103 0.000000
479 0.000002
3457 0.000008
6719 0.000015
5021 0.000012
619 0.000002
6763 0.000015
1879 0.000005
2311 0.000006
3547 0.000009
1013 0.000003
6203 0.000015
1811 0.000004
6113 0.000014
6373 0.000016
2237 0.000006
3083 0.000008
2971 0.000008
1051 0.000003
1877 0.000005
1861 0.000005
823 0.000002
199 0.000001
521 0.000002
317 0.000001
43 0.000001
6037 0.000014
6101 0.000015
3571 0.000008
6949 0.000015
7673 0.000018
2377 0.000006
1871 0.000005
127 0.000001
2657 0.000007
6947 0.000016
5119 0.000012
4289 0.000011
7013 0.000017
5297 0.000018
7681 0.000018
809 0.000002
17 0.000000
2099 0.000005
457 0.000001
1447 0.000004
4909 0.000011
3 0.000001
2287 0.000005
7547 0.000018
751 0.000002
5011 0.000012
2281 0.000006
5669 0.000014
6491 0.000015
7481 0.000017
7411 0.000017
5233 0.000012
1997 0.000004
647 0.000002
4603 0.000011
3019 0.000007
443 0.000002
2753 0.000006
5897 0.000014
401 0.000001
4799 0.000011
691 0.000002
1693 0.000004
5323 0.000013
3851 0.000010
2819 0.000007
6781 0.000015
5189 0.000017
3517 0.000008
1483 0.000004
41 0.000000
4649 0.000011
5413 0.000013
4157 0.000010
5501 0.000013
4363 0.000010
5639 0.000013
1093 0.000003
7127 0.000017
6991 0.000016
5431 0.000012
7643 0.000018
7487 0.000017
5717 0.000013
2917 0.000008
7793 0.000019
3527 0.000009
0 0.000001
3671 0.000009
5657 0.000013
181 0.000000
661 0.000002
5099 0.000012
3037 0.000008
3907 0.000009
4129 0.000010
6607 0.000016
37 0.000001
1171 0.000004
1619 0.000004
907 0.000003
367 0.000001
5903 0.000014
5791 0.000014
251 0.000001
1901 0.000005
1657 0.000004
2939 0.000006
2243 0.000005
2659 0.000006
6067 0.000014
5309 0.000012
5171 0.000013
5701 0.000014
1663 0.000005
3581 0.000009
4517 0.000010
5813 0.000013
1831 0.000003
1597 0.000003
3299 0.000007
1193 0.000003
5881 0.000013
5351 0.000013
2347 0.000006
4967 0.000011
1063 0.000003
4001 0.000009
4217 0.000010
3637 0.000008
7459 0.000017
89 0.000001
2437 0.000006
151 0.000001
857 0.000002
6449 0.000015
373 0.000002
2357 0.000005
6637 0.000015
4639 0.000011
1523 0.000003
5147 0.000012
4931 0.000012
6917 0.000016
3659 0.000009
1217 0.000003
5051 0.000012
3391 0.000008
4483 0.000010
7621 0.000017
1373 0.000003
5849 0.000013
1259 0.000003
4751 0.000012
4567 0.000011
1471 0.000004
3373 0.000008
3491 0.000008
5569 0.000013
4099 0.000010
3643 0.000008
4583 0.000010
359 0.000002
4049 0.000009
571 0.000001
1951 0.000005
6563 0.000015
4447 0.000010
2897 0.000007
3463 0.000008
6883 0.000016
3701 0.000009
7457 0.000018
5981 0.000014
6263 0.000015
353 0.000001
97 0.000000
983 0.000003
1601 0.000004
3449 0.000008
617 0.000002
757 0.000002
5743 0.000013
4723 0.000011
53 0.000000
5869 0.000013
2927 0.000008
6379 0.000016
6317 0.000015
2689 0.000006
5857 0.000014
887 0.000003
5827 0.000014
4973 0.000011
2269 0.000005
2423 0.000006
7451 0.000018
4027 0.000010
7867 0.000018
2381 0.000006
941 0.000003
3167 0.000007
2713 0.000007
569 0.000002
3739 0.000009
2371 0.000006
6983 0.000016
6551 0.000015
2111 0.000005
701 0.000002
2699 0.000017
2693 0.000006
2671 0.000006
6053 0.000014
3847 0.000009
439 0.000002
4889 0.000012
3539 0.000008
4159 0.000010
4657 0.000011
5077 0.000011
7499 0.000017
6221 0.000014
4241 0.000010
3863 0.000009
5623 0.000013
6857 0.000016
4111 0.000009
7247 0.000016
7823 0.000018
2083 0.000005
2861 0.000007
3833 0.000009
7703 0.000018
1033 0.000003
6691 0.000015
3217 0.000008
5591 0.000015
2309 0.000006
7109 0.000018
2293 0.000006
4327 0.000011
3023 0.000007
6679 0.000016
6229 0.000015
1123 0.000003
3929 0.000010
5113 0.000012
953 0.000002
5939 0.000014
6689 0.000016
3371 0.000008
29 0.000001
743 0.000002
67 0.000000
5651 0.000013
2903 0.000007
5531 0.000012
4831 0.000011
7489 0.000017
787 0.000002
769 0.000002
593 0.000002
3877 0.000009
6733 0.000015
2549 0.000006
2711 0.000007
5387 0.000013
6427 0.000015
2851 0.000007
1381 0.000004
5039 0.000011
157 0.000001
1283 0.000004
4283 0.000010
389 0.000001
967 0.000003
7177 0.000017
1 0.000000
6841 0.000016
5003 0.000011
337 0.000001
5419 0.000012
2999 0.000007
6073 0.000014
6121 0.000014
3607 0.000009
3061 0.000008
7351 0.000017
2207 0.000006
3767 0.000009
6869 0.000015
6257 0.000015
6047 0.000014
2069 0.000005
2969 0.000007
5801 0.000014
5879 0.000014
6653 0.000016
7187 0.000017
5381 0.000012
1747 0.000005
4663 0.000011
5167 0.000021
2801 0.000006
5443 0.000013
6163 0.000014
5179 0.000013
5821 0.000013
7433 0.000018
7583 0.000018
2441 0.000006
7229 0.000017
4153 0.000011
4421 0.000011
3109 0.000008
2719 0.000007
6421 0.000015
7577 0.000018
4813 0.000011
3137 0.000008
449 0.000001
4993 0.000011
409 0.000001
7321 0.000018
877 0.000002
4673 0.000012
3947 0.000009
6043 0.000014
7759 0.000018
1907 0.000004
6571 0.000016
1543 0.000004
5009 0.000018
139 0.000001
6451 0.000016
6737 0.000016
6599 0.000015
1327 0.000004
1993 0.000006
2647 0.000007
6343 0.000015
7603 0.000017
6287 0.000013
557 0.000001
1291 0.000004
1279 0.000004
1453 0.000004
47 0.000001
5749 0.000013
149 0.000000
2 0.000001
3259 0.000008
3727 0.000009
2833 0.000007
4703 0.000011
2789 0.000006
7237 0.000017
3931 0.000009
1723 0.000005
2399 0.000006
1489 0.000003
1301 0.000004
7417 0.000018
2837 0.000006
7517 0.000018
6469 0.000015
7789 0.000023
6337 0.000014
6361 0.000014
6907 0.000016
1237 0.000003
4057 0.000010
4259 0.000011
4507 0.000011
5407 0.000013
3331 0.000007
7559 0.000018
2477 0.000006
977 0.000003
5437 0.000013
5227 0.000012
2729 0.000007
2017 0.000005
599 0.000002
6871 0.000016
971 0.000002
1667 0.000004
2963 0.000007
6661 0.000016
2447 0.000006
2617 0.000007
5197 0.000012
7639 0.000017
6761 0.000016
6553 0.000014
673 0.000003
7649 0.000017
1031 0.000003
5393 0.000013
6823 0.000015
4349 0.000010
6301 0.000014
2153 0.000005
6133 0.000013
5659 0.000013
1553 0.000004
431 0.000001
2003 0.000005
1231 0.000003
5861 0.000014
1741 0.000004
3719 0.000008
3467 0.000008
7121 0.000016
1129 0.000003
5503 0.000013
6197 0.000015
4877 0.000012
2137 0.000005
307 0.000001
5711 0.000014
4937 0.000012
239 0.000001
7829 0.000019
109 0.000001
601 0.000001
1087 0.000003
6091 0.000013
947 0.000002
1019 0.000002
7103 0.000016
797 0.000002
5333 0.000012
6701 0.000014
1511 0.000003
487 0.000001
641 0.000002
6089 0.000013
269 0.000001
5581 0.000013
5471 0.000013
3823 0.000009
613 0.000002
3889 0.000015
7817 0.000018
5483 0.000012
3559 0.000007
2909 0.000007
2539 0.000006
6029 0.000013
3853 0.000009
1493 0.000004
5279 0.000013
6863 0.000016
6791 0.000016
1777 0.000004
4357 0.000010
2551 0.000007
7069 0.000016
6577 0.000015
1061 0.000003
1153 0.000003
311 0.000001
5647 0.000014
7283 0.000018
4021 0.000010
1709 0.000005
421 0.000002
3221 0.000008
4243 0.000016
5839 0.000014
4679 0.000011
929 0.000002
883 0.000002
6703 0.000015
3881 0.000009
1559 0.000004
2213 0.000005
1439 0.000004
5507 0.000013
1637 0.000005
2473 0.000006
1151 0.000003
5557 0.000012
379 0.000001
3691 0.000008
2011 0.000005
7741 0.000018
7901 0.000019
7573 0.000019
3677 0.000009
4003 0.000009
5987 0.000014
5281 0.000013
3943 0.000010
433 0.000002
7529 0.000017
7307 0.000017
7753 0.000018
3917 0.000010
1427 0.000004
3257 0.000007
6827 0.000016
733 0.000002
4903 0.000012
397 0.000001
3359 0.000008
1229 0.000004
1069 0.000003
2143 0.000005
7727 0.000018
2633 0.000006
61 0.000001
2141 0.000005
6299 0.000015
5927 0.000015
1949 0.000005
4549 0.000011
191 0.000001
1697 0.000004
241 0.000001
2383 0.000006
2749 0.000006
3343 0.000008
257 0.000001
223 0.000001
509 0.000002
6311 0.000015
1549 0.000004
7057 0.000017
2957 0.000007
3251 0.000008
1609 0.000004
6779 0.000016
6173 0.000014
3001 0.000007
6581 0.000016
2089 0.000006
5923 0.000014
3541 0.000009
4373 0.000011
7607 0.000018
5741 0.000013
3499 0.000009
4273 0.000010
4523 0.000011
1049 0.000003
7129 0.000017
2203 0.000006
349 0.000001
6271 0.000015
3209 0.000008
4999 0.000012
7349 0.000017
5519 0.000013
79 0.000001
6131 0.000014
2081 0.000005
7687 0.000018
829 0.000002
3319 0.000008
7297 0.000017
659 0.000002
6329 0.000015
3797 0.000009
6521 0.000015
2531 0.000005
7507 0.000028
4139 0.000010
503 0.000002
4861 0.000011
71 0.000000
4253 0.000010
4933 0.000012
7841 0.000018
2677 0.000007
1787 0.000005
6151 0.000015
7151 0.000017
2221 0.000006
5303 0.000012
5237 0.000012
3529 0.000008
1699 0.000005
3307 0.000008
5779 0.000013
1433 0.000004
2273 0.000006
6359 0.000015
3779 0.000009
3821 0.000010
7879 0.000018
313 0.000001
3163 0.000008
4051 0.000010
863 0.000002
491 0.000001
3761 0.000009
5477 0.000013
4337 0.000011
6997 0.000017
1117 0.000003
607 0.000001
7757 0.000018
7541 0.000018
5261 0.000013
5399 0.000013
4019 0.000009
1571 0.000004
4229 0.000010
7043 0.000017
7079 0.000017
4079 0.000010
2417 0.000006
4457 0.000010
7393 0.000018
653 0.000002
2179 0.000006
3623 0.000009
3079 0.000008
719 0.000002
6217 0.000015
4637 0.000011
1627 0.000004
683 0.000002
3347 0.000008
4957 0.000012
5101 0.000013
4493 0.000011
5843 0.000014
1021 0.000003
859 0.000003
4219 0.000011
3229 0.000008
6389 0.000013
5783 0.000011
3253 0.000007
3919 0.000010
6079 0.000014
197 0.000001
5851 0.000014
283 0.000001
7877 0.000018
5087 0.000012
293 0.000001
13 0.000000
2803 0.000007
167 0.000001
7213 0.000016
6911 0.000016
3793 0.000009
4177 0.000010
6899 0.000016
347 0.000001
1499 0.000004
4513 0.000011
6481 0.000015
7477 0.000017
6353 0.000015
6967 0.000016
233 0.000001
263 0.000001
1423 0.000003
4397 0.000010
3361 0.000008
2843 0.000007
7699 0.000024
1109 0.000003
3461 0.000009
3181 0.000008
4339 0.000011
2039 0.000005
4481 0.000010
6959 0.000016
2389 0.000006
4013 0.000010
2393 0.000006
2239 0.000006
6367 0.000014
4597 0.000010
1187 0.000003
3407 0.000008
5641 0.000013
73 0.000001
5023 0.000013
2879 0.000007
3389 0.000008
7691 0.000019
3613 0.000009
1613 0.000004
4801 0.000012
4871 0.000012
1759 0.000004
2503 0.000006
3203 0.000008
1531 0.000004
5953 0.000013
