433 0.000007
449 0.000003
131 0.000001
17 0.000001
491 0.000003
317 0.000002
3 0.000001
487 0.000003
43 0.000001
79 0.000001
307 0.000001
167 0.000001
359 0.000002
29 0.000000
379 0.000002
227 0.000002
179 0.000001
7 0.000001
367 0.000002
193 0.000001
107 0.000001
173 0.000001
137 0.000001
37 0.000000
271 0.000002
293 0.000002
139 0.000000
47 0.000001
83 0.000001
89 0.000001
13 0.000000
397 0.000003
41 0.000000
277 0.000001
389 0.000003
109 0.000001
313 0.000002
199 0.000001
73 0.000000
463 0.000002
101 0.000001
373 0.000002
347 0.000002
401 0.000003
439 0.000003
263 0.000002
331 0.000002
431 0.000002
103 0.000001
353 0.000002
409 0.000002
251 0.000004
479 0.000003
419 0.000003
257 0.000001
181 0.000001
61 0.000000
149 0.000001
509 0.000003
421 0.000002
241 0.000002
127 0.000001
197 0.000001
113 0.000001
5 0.000000
283 0.000002
523 0.000002
383 0.000002
71 0.000001
23 0.000001
223 0.000002
503 0.000003
97 0.000001
269 0.000001
311 0.000001
59 0.000000
19 0.000001
11 0.000001
2 0.000000
281 0.000002
457 0.000003
229 0.000001
349 0.000002
157 0.000001
443 0.000002
461 0.000002
521 0.000003
31 0.000000
163 0.000001
541 0.000003
337 0.000002
151 0.000001
67 0.000001
233 0.000002
211 0.000001
467 0.000003
239 0.000002
53 0.000001
191 0.000001
499 0.000002
433 0.000003
449 0.000003
131 0.000001
17 0.000001
491 0.000003
317 0.000001
3 0.000000
487 0.000003
43 0.000001
79 0.000000
307 0.000002
167 0.000001
359 0.000002
29 0.000000
379 0.000002
227 0.000002
179 0.000001
7 0.000001
367 0.000003
193 0.000001
107 0.000001
173 0.000001
137 0.000001
37 0.000001
271 0.000002
293 0.000002
139 0.000001
47 0.000001
83 0.000000
89 0.000001
13 0.000001
397 0.000002
41 0.000001
277 0.000002
389 0.000002
109 0.000001
313 0.000001
199 0.000002
73 0.000001
463 0.000002
101 0.000001
373 0.000003
347 0.000002
401 0.000003
439 0.000003
263 0.000002
331 0.000002
431 0.000003
103 0.000001
353 0.000002
409 0.000002
251 0.000001
479 0.000002
419 0.000003
257 0.000002
181 0.000002
61 0.000001
149 0.000001
509 0.000003
421 0.000002
241 0.000002
127 0.000001
197 0.000001
113 0.000001
5 0.000000
283 0.000001
523 0.000003
383 0.000003
71 0.000001
23 0.000000
223 0.000002
503 0.000003
97 0.000001
269 0.000002
311 0.000002
59 0.000001
19 0.000001
11 0.000000
2 0.000000
281 0.000001
457 0.000003
229 0.000002
349 0.000002
157 0.000001
443 0.000002
461 0.000003
521 0.000003
31 0.000001
163 0.000001
541 0.000003
337 0.000002
151 0.000001
67 0.000001
233 0.000001
211 0.000002
467 0.000003
239 0.000001
53 0.000001
191 0.000001
499 0.000003
1215752195 5.229415
433 0.000002
449 0.000002
131 0.000000
17 0.000000
491 0.000002
317 0.000001
3 0.000000
487 0.000003
43 0.000001
79 0.000000
307 0.000002
167 0.000001
359 0.000002
29 0.000001
379 0.000002
227 0.000001
179 0.000002
7 0.000001
367 0.000002
193 0.000002
107 0.000000
173 0.000001
137 0.000001
37 0.000000
271 0.000001
293 0.000001
139 0.000001
47 0.000001
83 0.000000
89 0.000001
13 0.000000
397 0.000002
41 0.000001
277 0.000001
389 0.000002
109 0.000000
313 0.000002
199 0.000002
73 0.000001
463 0.000002
101 0.000001
373 0.000002
347 0.000002
401 0.000002
439 0.000003
263 0.000002
331 0.000002
431 0.000003
103 0.000001
353 0.000002
409 0.000002
251 0.000002
479 0.000003
419 0.000002
257 0.000002
181 0.000001
61 0.000001
149 0.000002
509 0.000003
421 0.000003
241 0.000002
127 0.000001
197 0.000001
113 0.000001
5 0.000001
283 0.000001
523 0.000002
383 0.000002
71 0.000000
23 0.000000
223 0.000001
503 0.000003
97 0.000001
269 0.000002
311 0.000002
59 0.000001
19 0.000001
11 0.000001
2 0.000000
281 0.000002
457 0.000003
229 0.000002
349 0.000002
157 0.000001
443 0.000002
461 0.000002
521 0.000003
31 0.000001
163 0.000001
541 0.000002
337 0.000002
151 0.000001
67 0.000001
233 0.000002
211 0.000002
467 0.000003
239 0.000001
53 0.000001
191 0.000001
1215752195 5.078801
433 0.000003
449 0.000002
131 0.000000
17 0.000001
491 0.000002
317 0.000002
3 0.000000
487 0.000003
43 0.000001
79 0.000000
307 0.000001
167 0.000001
359 0.000002
29 0.000000
379 0.000002
227 0.000002
179 0.000001
7 0.000001
367 0.000002
193 0.000001
107 0.000001
173 0.000001
137 0.000001
37 0.000001
271 0.000001
293 0.000002
139 0.000001
47 0.000001
83 0.000000
89 0.000001
13 0.000001
397 0.000002
41 0.000001
277 0.000002
389 0.000002
109 0.000000
313 0.000002
199 0.000002
73 0.000001
463 0.000003
101 0.000001
373 0.000002
347 0.000002
401 0.000003
439 0.000002
263 0.000001
331 0.000002
431 0.000002
103 0.000000
353 0.000002
409 0.000002
251 0.000002
479 0.000003
419 0.000002
257 0.000001
181 0.000001
61 0.000001
149 0.000001
509 0.000003
421 0.000003
241 0.000002
127 0.000001
197 0.000002
113 0.000001
5 0.000000
283 0.000001
523 0.000002
383 0.000002
71 0.000001
23 0.000001
223 0.000001
503 0.000002
97 0.000000
269 0.000001
311 0.000001
59 0.000001
19 0.000001
11 0.000001
2 0.000000
281 0.000001
457 0.000002
229 0.000001
349 0.000002
157 0.000001
443 0.000003
461 0.000002
521 0.000002
31 0.000001
163 0.000001
541 0.000003
337 0.000002
151 0.000001
67 0.000001
233 0.000002
211 0.000002
467 0.000003
239 0.000001
53 0.000001
191 0.000001
1215752195 5.121694
433 0.000002
449 0.000003
131 0.000001
17 0.000001
491 0.000002
317 0.000002
3 0.000000
487 0.000002
43 0.000000
79 0.000001
307 0.000002
167 0.000001
359 0.000002
29 0.000001
379 0.000002
227 0.000002
179 0.000001
7 0.000001
367 0.000002
193 0.000001
107 0.000001
173 0.000002
137 0.000001
37 0.000001
271 0.000002
293 0.000002
139 0.000001
47 0.000001
83 0.000001
89 0.000001
13 0.000001
397 0.000002
41 0.000000
277 0.000002
389 0.000002
109 0.000001
313 0.000002
199 0.000001
73 0.000056
463 0.000003
101 0.000001
373 0.000002
347 0.000002
401 0.000003
439 0.000002
263 0.000002
331 0.000001
431 0.000003
103 0.000000
353 0.000003
409 0.000003
251 0.000002
479 0.000002
419 0.000003
257 0.000001
181 0.000001
61 0.000000
149 0.000001
509 0.000003
421 0.000003
241 0.000002
127 0.000001
197 0.000001
113 0.000001
5 0.000000
283 0.000001
523 0.000003
383 0.000002
71 0.000001
23 0.000001
223 0.000001
503 0.000003
97 0.000001
269 0.000002
311 0.000002
59 0.000000
19 0.000000
11 0.000001
2 0.000000
281 0.000002
457 0.000003
229 0.000001
349 0.000002
157 0.000001
443 0.000002
461 0.000002
521 0.000003
31 0.000001
163 0.000001
541 0.000002
337 0.000002
151 0.000001
67 0.000001
233 0.000002
211 0.000001
467 0.000002
239 0.000002
53 0.000000
191 0.000002
