4091 0.000002
4133 0.000001
2467 0.000001
2591 0.000001
1733 0.000001
4409 0.000001
4729 0.000002
7001 0.000002
577 0.000001
1307 0.000001
5563 0.000002
83 0.000001
1987 0.000002
1801 0.000001
1867 0.000001
7211 0.000002
911 0.000001
173 0.000001
4547 0.000001
193 0.000001
3067 0.000001
6143 0.000001
113 0.000001
541 0.000001
11 0.000001
19 0.000000
3413 0.000001
2339 0.000001
2333 0.000001
461 0.000001
101 0.000000
6619 0.000002
7537 0.000002
2161 0.000001
331 0.000001
7589 0.000002
23 0.000000
1451 0.000001
1361 0.000001
5441 0.000001
1459 0.000001
5231 0.000002
2741 0.000001
761 0.000000
3583 0.000001
4561 0.000001
1409 0.000001
5081 0.000001
5347 0.000002
2087 0.000001
1297 0.000001
1103 0.000001
881 0.000000
2683 0.000001
1979 0.000001
1847 0.000001
6547 0.000001
2131 0.000001
7207 0.000001
5059 0.000001
2593 0.000001
3469 0.000001
991 0.000001
1579 0.000001
6473 0.000001
2351 0.000001
1163 0.000001
5683 0.000001
4261 0.000001
1567 0.000001
677 0.000001
1039 0.000001
727 0.000001
3049 0.000001
4201 0.000003
3511 0.000001
1429 0.000001
2459 0.000000
6659 0.000001
7333 0.000001
419 0.000001
4211 0.000001
3121 0.000001
937 0.000001
5449 0.000001
2791 0.000001
6211 0.000002
4817 0.000001
1009 0.000001
2707 0.000001
1931 0.000002
1487 0.000001
1481 0.000001
137 0.000000
6277 0.000001
1181 0.000001
821 0.000001
6529 0.000001
3803 0.000001
6709 0.000001
281 0.000001
2767 0.000001
3089 0.000001
5807 0.000002
1999 0.000001
4093 0.000001
4451 0.000001
1249 0.000001
7019 0.000001
7039 0.000001
709 0.000001
5153 0.000001
4759 0.000001
7159 0.000001
5653 0.000001
3697 0.000001
6269 0.000001
2411 0.000001
3329 0.000001
1091 0.000001
4783 0.000001
3557 0.000002
5737 0.000001
5479 0.000001
4787 0.000001
853 0.000001
3631 0.000001
6971 0.000001
7523 0.000001
6011 0.000001
997 0.000000
4793 0.000002
3911 0.000001
2063 0.000001
1933 0.000001
3617 0.000002
6323 0.000002
4463 0.000002
2341 0.000001
3769 0.000002
4591 0.000002
1873 0.000001
1789 0.000001
2297 0.000001
2687 0.000001
4127 0.000002
227 0.000001
5689 0.000001
2053 0.000001
4643 0.000001
463 0.000000
383 0.000001
7717 0.000002
3169 0.000001
5417 0.000001
7883 0.000002
2113 0.000001
3709 0.000001
59 0.000001
7027 0.000002
3733 0.000001
3301 0.000001
211 0.000001
1097 0.000001
1823 0.000001
1621 0.000001
7219 0.000002
4721 0.000001
2887 0.000001
163 0.000002
7591 0.000004
5521 0.000001
7253 0.000001
499 0.000001
277 0.000000
3967 0.000001
2579 0.000001
2609 0.000001
7669 0.000002
271 0.000000
6833 0.000002
6007 0.000001
7309 0.000001
6673 0.000002
6793 0.000001
2857 0.000001
1213 0.000001
7723 0.000001
2267 0.000001
4423 0.000001
2797 0.000001
5867 0.000001
6247 0.000001
4987 0.000001
7549 0.000001
6803 0.000001
1303 0.000001
1289 0.000000
7873 0.000001
3923 0.000001
7243 0.000001
5107 0.000001
1913 0.000001
739 0.000001
2543 0.000001
643 0.000001
1367 0.000001
4007 0.000001
3041 0.000001
1669 0.000001
1321 0.000000
6199 0.000001
773 0.000001
3187 0.000001
919 0.000001
2521 0.000001
2251 0.000001
7 0.000001
1399 0.000001
4271 0.000001
3119 0.000001
31 0.000000
1607 0.000001
5693 0.000001
5573 0.000001
6397 0.000001
4789 0.000001
4391 0.000001
467 0.000000
587 0.000001
7369 0.000002
2027 0.000001
1223 0.000001
3533 0.000001
4969 0.000001
3433 0.000001
4073 0.000001
3323 0.000001
2621 0.000001
4919 0.000001
7193 0.000002
2129 0.000001
839 0.000001
1721 0.000001
827 0.000001
3989 0.000001
4651 0.000001
1201 0.000001
2029 0.000001
631 0.000001
4691 0.000001
6569 0.000001
4621 0.000001
4297 0.000001
2777 0.000001
1783 0.000001
4733 0.000001
5527 0.000001
6977 0.000001
1889 0.000001
5 0.000000
2731 0.000001
5209 0.000002
107 0.000000
2663 0.000001
4231 0.000002
6829 0.000001
1319 0.000000
179 0.000001
131 0.000001
4943 0.000001
3313 0.000001
5273 0.000001
1753 0.000001
3191 0.000001
523 0.000001
1583 0.000001
811 0.000001
547 0.000001
1973 0.000001
7331 0.000001
1277 0.000001
7853 0.000001
6961 0.000002
3271 0.000002
229 0.000000
3593 0.000001
563 0.000001
7561 0.000001
4951 0.000001
3011 0.000001
4519 0.000001
3673 0.000001
2557 0.000001
4441 0.000001
2953 0.000001
103 0.000001
479 0.000001
3457 0.000001
6719 0.000002
5021 0.000001
619 0.000001
6763 0.000001
1879 0.000001
2311 0.000001
3547 0.000001
1013 0.000001
6203 0.000001
1811 0.000001
6113 0.000001
6373 0.000001
2237 0.000001
3083 0.000001
2971 0.000001
1051 0.000001
1877 0.000000
1861 0.000001
823 0.000001
199 0.000001
521 0.000000
317 0.000001
43 0.000000
6037 0.000001
6101 0.000001
3571 0.000001
6949 0.000001
7673 0.000002
2377 0.000000
1871 0.000001
127 0.000001
2657 0.000001
6947 0.000002
5119 0.000001
4289 0.000001
7013 0.000001
5297 0.000001
7681 0.000001
809 0.000001
17 0.000000
2099 0.000001
457 0.000000
1447 0.000001
4909 0.000001
3 0.000000
2287 0.000001
7547 0.000002
751 0.000001
5011 0.000001
2281 0.000001
5669 0.000001
6491 0.000001
7481 0.000001
7411 0.000001
5233 0.000001
1997 0.000001
647 0.000000
4603 0.000001
3019 0.000002
443 0.000001
2753 0.000001
5897 0.000001
401 0.000001
4799 0.000002
691 0.000004
1693 0.000001
5323 0.000001
3851 0.000001
2819 0.000000
6781 0.000001
5189 0.000001
3517 0.000001
1483 0.000001
41 0.000001
4649 0.000001
5413 0.000001
4157 0.000001
5501 0.000001
4363 0.000001
5639 0.000001
1093 0.000000
7127 0.000001
6991 0.000002
5431 0.000002
7643 0.000001
7487 0.000001
5717 0.000001
2917 0.000001
7793 0.000001
3527 0.000001
0 0.000000
3671 0.000001
5657 0.000001
181 0.000000
661 0.000001
5099 0.000001
3037 0.000000
3907 0.000001
4129 0.000001
6607 0.000001
37 0.000001
1171 0.000001
1619 0.000001
907 0.000000
367 0.000000
5903 0.000002
5791 0.000001
251 0.000000
1901 0.000001
1657 0.000001
2939 0.000001
2243 0.000002
2659 0.000001
6067 0.000001
5309 0.000001
5171 0.000001
5701 0.000001
1663 0.000001
3581 0.000001
4517 0.000001
5813 0.000001
1831 0.000001
1597 0.000001
3299 0.000001
1193 0.000000
5881 0.000001
5351 0.000001
2347 0.000002
4967 0.000001
1063 0.000001
4001 0.000001
4217 0.000001
3637 0.000002
7459 0.000001
89 0.000001
2437 0.000001
151 0.000000
857 0.000001
6449 0.000002
373 0.000000
2357 0.000001
6637 0.000001
4639 0.000001
1523 0.000001
5147 0.000001
4931 0.000001
6917 0.000002
3659 0.000001
1217 0.000001
5051 0.000002
3391 0.000001
4483 0.000001
7621 0.000001
1373 0.000001
5849 0.000002
1259 0.000001
4751 0.000001
4567 0.000001
1471 0.000001
3373 0.000001
3491 0.000001
5569 0.000001
4099 0.000001
3643 0.000001
4583 0.000001
359 0.000001
4049 0.000001
571 0.000001
1951 0.000001
6563 0.000001
4447 0.000002
2897 0.000001
3463 0.000001
6883 0.000001
3701 0.000001
7457 0.000001
5981 0.000001
6263 0.000002
353 0.000001
97 0.000000
983 0.000001
1601 0.000001
3449 0.000001
617 0.000001
757 0.000001
5743 0.000001
4723 0.000001
53 0.000000
5869 0.000001
2927 0.000001
6379 0.000001
6317 0.000001
2689 0.000001
5857 0.000001
887 0.000001
5827 0.000001
4973 0.000001
2269 0.000001
2423 0.000001
7451 0.000001
4027 0.000001
7867 0.000001
2381 0.000000
941 0.000000
3167 0.000001
2713 0.000002
569 0.000001
3739 0.000002
2371 0.000001
6983 0.000001
6551 0.000001
2111 0.000001
701 0.000001
2699 0.000001
2693 0.000001
2671 0.000001
6053 0.000002
3847 0.000001
439 0.000001
4889 0.000002
3539 0.000001
4159 0.000001
4657 0.000001
5077 0.000002
7499 0.000001
6221 0.000001
4241 0.000001
3863 0.000001
5623 0.000001
6857 0.000001
4111 0.000001
7247 0.000002
7823 0.000002
2083 0.000001
2861 0.000001
3833 0.000001
7703 0.000001
1033 0.000001
6691 0.000001
3217 0.000001
5591 0.000001
2309 0.000001
7109 0.000001
2293 0.000001
4327 0.000001
3023 0.000001
6679 0.000001
6229 0.000002
1123 0.000001
3929 0.000001
5113 0.000002
953 0.000001
5939 0.000001
6689 0.000001
3371 0.000001
29 0.000001
743 0.000000
67 0.000000
5651 0.000001
2903 0.000001
5531 0.000001
4831 0.000001
7489 0.000001
787 0.000002
769 0.000001
593 0.000001
3877 0.000002
6733 0.000001
2549 0.000001
2711 0.000001
5387 0.000001
6427 0.000001
2851 0.000001
1381 0.000001
5039 0.000001
157 0.000001
1283 0.000001
4283 0.000001
389 0.000000
967 0.000001
7177 0.000001
1 0.000000
6841 0.000001
5003 0.000001
337 0.000000
5419 0.000001
2999 0.000001
6073 0.000002
6121 0.000001
3607 0.000001
3061 0.000001
7351 0.000002
2207 0.000001
3767 0.000001
6869 0.000001
6257 0.000001
6047 0.000001
2069 0.000000
2969 0.000001
5801 0.000001
5879 0.000001
6653 0.000001
7187 0.000001
5381 0.000001
1747 0.000001
4663 0.000001
5167 0.000001
2801 0.000001
5443 0.000002
6163 0.000001
5179 0.000002
5821 0.000001
7433 0.000001
7583 0.000001
2441 0.000002
7229 0.000001
4153 0.000001
4421 0.000001
3109 0.000001
2719 0.000001
6421 0.000001
7577 0.000001
4813 0.000001
3137 0.000002
449 0.000001
4993 0.000002
409 0.000001
7321 0.000002
877 0.000001
4673 0.000001
3947 0.000001
6043 0.000001
7759 0.000002
1907 0.000001
6571 0.000002
1543 0.000001
5009 0.000001
139 0.000001
6451 0.000001
6737 0.000002
6599 0.000001
1327 0.000001
1993 0.000001
2647 0.000001
6343 0.000002
7603 0.000002
6287 0.000001
557 0.000001
1291 0.000001
1279 0.000001
1453 0.000002
47 0.000001
5749 0.000001
149 0.000001
2 0.000000
3259 0.000001
3727 0.000001
2833 0.000001
4703 0.000001
2789 0.000001
7237 0.000001
3931 0.000001
1723 0.000000
2399 0.000001
1489 0.000001
1301 0.000001
7417 0.000001
2837 0.000001
7517 0.000001
6469 0.000001
7789 0.000001
6337 0.000001
6361 0.000001
6907 0.000001
1237 0.000001
4057 0.000001
4259 0.000001
4507 0.000001
5407 0.000001
3331 0.000001
7559 0.000002
2477 0.000001
977 0.000001
5437 0.000001
5227 0.000001
2729 0.000002
2017 0.000001
599 0.000001
6871 0.000001
971 0.000001
1667 0.000001
2963 0.000001
6661 0.000001
2447 0.000001
2617 0.000001
5197 0.000001
7639 0.000001
6761 0.000002
6553 0.000002
673 0.000001
7649 0.000001
1031 0.000001
5393 0.000002
6823 0.000001
4349 0.000001
6301 0.000001
2153 0.000001
6133 0.000002
5659 0.000001
1553 0.000001
431 0.000001
2003 0.000001
1231 0.000001
5861 0.000002
1741 0.000001
3719 0.000001
3467 0.000001
7121 0.000001
1129 0.000001
5503 0.000001
6197 0.000002
4877 0.000001
2137 0.000001
307 0.000001
5711 0.000002
4937 0.000001
239 0.000001
7829 0.000002
109 0.000001
601 0.000001
1087 0.000001
6091 0.000002
947 0.000001
1019 0.000001
7103 0.000002
797 0.000001
5333 0.000002
6701 0.000001
1511 0.000001
487 0.000001
641 0.000001
6089 0.000001
269 0.000001
5581 0.000003
5471 0.000002
3823 0.000001
613 0.000001
3889 0.000001
7817 0.000001
5483 0.000001
3559 0.000001
2909 0.000001
2539 0.000001
6029 0.000002
3853 0.000002
1493 0.000001
5279 0.000001
6863 0.000002
6791 0.000002
1777 0.000001
4357 0.000001
2551 0.000001
7069 0.000001
6577 0.000001
1061 0.000001
1153 0.000001
311 0.000001
5647 0.000001
7283 0.000001
4021 0.000002
1709 0.000001
421 0.000001
3221 0.000001
4243 0.000001
5839 0.000002
4679 0.000001
929 0.000001
883 0.000001
6703 0.000002
3881 0.000001
1559 0.000002
2213 0.000001
1439 0.000001
5507 0.000001
1637 0.000001
2473 0.000001
1151 0.000001
5557 0.000002
379 0.000001
3691 0.000001
2011 0.000001
7741 0.000001
7901 0.000002
7573 0.000002
3677 0.000002
4003 0.000002
5987 0.000001
5281 0.000002
3943 0.000001
433 0.000001
7529 0.000001
7307 0.000001
7753 0.000001
3917 0.000001
1427 0.000001
3257 0.000001
6827 0.000002
733 0.000001
4903 0.000002
397 0.000001
3359 0.000002
1229 0.000001
1069 0.000001
2143 0.000001
7727 0.000001
2633 0.000001
61 0.000000
2141 0.000001
6299 0.000001
5927 0.000002
1949 0.000001
4549 0.000001
191 0.000001
1697 0.000001
241 0.000000
2383 0.000001
2749 0.000001
3343 0.000001
257 0.000001
223 0.000001
509 0.000000
6311 0.000001
1549 0.000001
7057 0.000001
2957 0.000001
3251 0.000001
1609 0.000001
6779 0.000002
6173 0.000002
3001 0.000002
6581 0.000002
2089 0.000001
5923 0.000002
3541 0.000001
4373 0.000001
7607 0.000001
5741 0.000001
3499 0.000001
4273 0.000001
4523 0.000001
1049 0.000000
7129 0.000001
2203 0.000001
349 0.000001
6271 0.000001
3209 0.000002
4999 0.000001
7349 0.000002
5519 0.000001
79 0.000001
6131 0.000001
2081 0.000001
7687 0.000001
829 0.000001
3319 0.000002
7297 0.000001
659 0.000001
6329 0.000001
3797 0.000001
6521 0.000002
2531 0.000001
7507 0.000001
4139 0.000001
503 0.000001
4861 0.000001
71 0.000001
4253 0.000001
4933 0.000002
7841 0.000001
2677 0.000001
1787 0.000001
6151 0.000001
7151 0.000002
2221 0.000001
5303 0.000001
5237 0.000001
3529 0.000001
1699 0.000002
3307 0.000001
5779 0.000001
1433 0.000001
2273 0.000001
6359 0.000001
3779 0.000001
3821 0.000002
7879 0.000002
313 0.000000
3163 0.000001
4051 0.000001
863 0.000001
491 0.000001
3761 0.000001
5477 0.000002
4337 0.000001
6997 0.000002
1117 0.000001
607 0.000001
7757 0.000002
7541 0.000001
5261 0.000002
5399 0.000002
4019 0.000001
1571 0.000001
4229 0.000001
7043 0.000001
7079 0.000001
4079 0.000002
2417 0.000001
4457 0.000002
7393 0.000001
653 0.000001
2179 0.000001
3623 0.000001
3079 0.000001
719 0.000001
6217 0.000726
4637 0.000002
1627 0.000001
683 0.000001
3347 0.000002
4957 0.000001
5101 0.000001
4493 0.000001
5843 0.000002
1021 0.000001
859 0.000001
4219 0.000001
3229 0.000001
6389 0.000001
5783 0.000002
3253 0.000001
3919 0.000002
6079 0.000002
197 0.000001
5851 0.000001
283 0.000000
7877 0.000002
5087 0.000001
293 0.000000
13 0.000001
2803 0.000001
167 0.000000
7213 0.000001
6911 0.000001
3793 0.000001
4177 0.000001
6899 0.000001
347 0.000001
1499 0.000000
4513 0.000001
6481 0.000001
7477 0.000001
6353 0.000001
6967 0.000001
233 0.000000
263 0.000000
1423 0.000001
4397 0.000001
3361 0.000001
2843 0.000001
7699 0.000002
1109 0.000001
3461 0.000001
3181 0.000001
4339 0.000001
2039 0.000001
4481 0.000001
6959 0.000001
2389 0.000001
4013 0.000000
2393 0.000001
2239 0.000001
6367 0.000001
4597 0.000001
1187 0.000001
3407 0.000001
5641 0.000002
73 0.000000
5023 0.000002
2879 0.000001
3389 0.000001
7691 0.000002
3613 0.000001
1613 0.000001
4801 0.000002
4871 0.000002
1759 0.000001
2503 0.000001
3203 0.000001
1531 0.000001
5953 0.000002
4091 0.000002
4133 0.000003
2467 0.000001
2591 0.000002
1733 0.000001
4409 0.000001
4729 0.000001
7001 0.000002
577 0.000001
1307 0.000000
5563 0.000001
83 0.000000
1987 0.000001
1801 0.000001
1867 0.000001
7211 0.000001
911 0.000001
173 0.000001
4547 0.000001
193 0.000001
3067 0.000001
6143 0.000002
113 0.000000
541 0.000000
11 0.000000
19 0.000001
3413 0.000001
2339 0.000001
2333 0.000001
461 0.000001
101 0.000000
6619 0.000001
7537 0.000001
2161 0.000001
331 0.000000
7589 0.000002
23 0.000001
1451 0.000001
1361 0.000001
5441 0.000001
1459 0.000000
5231 0.000002
2741 0.000000
761 0.000001
3583 0.000001
4561 0.000001
1409 0.000001
5081 0.000001
5347 0.000001
2087 0.000000
1297 0.000000
1103 0.000001
881 0.000001
2683 0.000001
1979 0.000001
1847 0.000001
6547 0.000001
2131 0.000001
7207 0.000002
5059 0.000001
2593 0.000001
3469 0.000001
991 0.000000
1579 0.000000
6473 0.000001
2351 0.000001
1163 0.000001
5683 0.000001
4261 0.000001
1567 0.000001
677 0.000001
1039 0.000000
727 0.000001
3049 0.000001
4201 0.000001
3511 0.000001
1429 0.000001
2459 0.000004
6659 0.000001
7333 0.000001
419 0.000001
4211 0.000001
3121 0.000001
937 0.000001
5449 0.000001
2791 0.000001
6211 0.000001
4817 0.000001
1009 0.000000
2707 0.000001
1931 0.000001
1487 0.000001
1481 0.000001
137 0.000001
6277 0.000002
1181 0.000000
821 0.000001
6529 0.000001
3803 0.000000
6709 0.000001
281 0.000000
2767 0.000001
3089 0.000001
5807 0.000001
1999 0.000001
4093 0.000001
4451 0.000001
1249 0.000000
7019 0.000001
7039 0.000002
709 0.000001
5153 0.000001
4759 0.000001
7159 0.000001
5653 0.000001
3697 0.000001
6269 0.000001
2411 0.000001
3329 0.000001
1091 0.000001
4783 0.000001
3557 0.000001
5737 0.000001
5479 0.000001
4787 0.000001
853 0.000000
3631 0.000002
6971 0.000001
7523 0.000001
6011 0.000001
997 0.000001
4793 0.000001
3911 0.000001
2063 0.000001
1933 0.000001
3617 0.000001
6323 0.000001
4463 0.000001
2341 0.000001
3769 0.000001
4591 0.000001
1873 0.000000
1789 0.000000
2297 0.000001
2687 0.000001
4127 0.000001
227 0.000000
5689 0.000001
2053 0.000000
4643 0.000001
463 0.000000
383 0.000000
7717 0.000001
3169 0.000001
5417 0.000001
7883 0.000002
2113 0.000001
3709 0.000001
59 0.000001
7027 0.000001
3733 0.000001
3301 0.000001
211 0.000001
1097 0.000001
1823 0.000001
1621 0.000001
7219 0.000001
4721 0.000001
2887 0.000001
163 0.000001
7591 0.000001
5521 0.000001
7253 0.000001
499 0.000001
277 0.000001
3967 0.000001
2579 0.000001
2609 0.000001
7669 0.000001
271 0.000000
6833 0.000001
6007 0.000001
7309 0.000002
6673 0.000001
6793 0.000001
2857 0.000001
1213 0.000001
7723 0.000001
2267 0.000001
4423 0.000000
2797 0.000000
5867 0.000001
6247 0.000001
4987 0.000001
7549 0.000002
6803 0.000001
1303 0.000001
1289 0.000000
7873 0.000001
3923 0.000001
7243 0.000001
5107 0.000001
1913 0.000000
739 0.000001
2543 0.000001
643 0.000001
1367 0.000001
4007 0.000002
3041 0.000001
1669 0.000001
1321 0.000001
6199 0.000001
773 0.000000
3187 0.000001
919 0.000000
2521 0.000001
2251 0.000000
7 0.000001
1399 0.000001
4271 0.000001
3119 0.000001
31 0.000000
1607 0.000001
5693 0.000001
5573 0.000001
6397 0.000001
4789 0.000002
4391 0.000001
467 0.000000
587 0.000001
7369 0.000001
2027 0.000001
1223 0.000001
3533 0.000001
4969 0.000001
3433 0.000001
4073 0.000001
3323 0.000001
2621 0.000001
4919 0.000001
7193 0.000001
2129 0.000000
839 0.000000
1721 0.000001
827 0.000000
3989 0.000001
4651 0.000001
1201 0.000001
2029 0.000001
631 0.000000
4691 0.000001
6569 0.000001
4621 0.000001
4297 0.000001
2777 0.000000
1783 0.000001
4733 0.000001
5527 0.000001
6977 0.000001
1889 0.000001
5 0.000000
2731 0.000000
5209 0.000001
107 0.000001
2663 0.000001
4231 0.000001
6829 0.000001
1319 0.000001
179 0.000001
131 0.000000
4943 0.000001
3313 0.000000
5273 0.000001
1753 0.000001
3191 0.000001
523 0.000001
1583 0.000001
811 0.000000
547 0.000000
1973 0.000001
7331 0.000001
1277 0.000000
7853 0.000001
6961 0.000001
3271 0.000001
229 0.000001
3593 0.000001
563 0.000001
7561 0.000001
4951 0.000001
3011 0.000001
4519 0.000001
3673 0.000001
2557 0.000001
4441 0.000001
2953 0.000001
103 0.000000
479 0.000001
3457 0.000001
6719 0.000001
5021 0.000001
619 0.000001
6763 0.000002
1879 0.000001
2311 0.000001
3547 0.000001
1013 0.000001
6203 0.000001
1811 0.000000
6113 0.000002
6373 0.000001
2237 0.000001
3083 0.000001
2971 0.000001
1051 0.000001
1877 0.000001
1861 0.000001
823 0.000000
199 0.000001
521 0.000000
317 0.000000
43 0.000000
6037 0.000001
6101 0.000001
3571 0.000001
6949 0.000002
7673 0.000001
2377 0.000001
1871 0.000001
127 0.000000
2657 0.000001
6947 0.000001
5119 0.000001
4289 0.000001
7013 0.000002
5297 0.000001
7681 0.000001
809 0.000001
17 0.000000
2099 0.000001
457 0.000000
1447 0.000001
4909 0.000001
3 0.000001
2287 0.000001
7547 0.000001
751 0.000001
5011 0.000002
2281 0.000001
5669 0.000001
6491 0.000001
7481 0.000001
7411 0.000001
5233 0.000001
1997 0.000001
647 0.000000
4603 0.000001
3019 0.000001
443 0.000001
2753 0.000001
5897 0.000001
401 0.000001
4799 0.000002
691 0.000000
1693 0.000001
5323 0.000001
3851 0.000001
2819 0.000001
6781 0.000002
5189 0.000001
3517 0.000001
1483 0.000001
41 0.000000
4649 0.000001
5413 0.000001
4157 0.000001
5501 0.000001
4363 0.000001
5639 0.000002
1093 0.000001
7127 0.000001
6991 0.000002
5431 0.000002
7643 0.000002
7487 0.000001
5717 0.000001
2917 0.000000
7793 0.000001
3527 0.000001
0 0.000001
3671 0.000001
5657 0.000001
181 0.000001
661 0.000001
5099 0.000001
3037 0.000001
3907 0.000001
4129 0.000001
6607 0.000001
37 0.000001
1171 0.000001
1619 0.000001
907 0.000001
367 0.000001
5903 0.000001
5791 0.000001
251 0.000001
1901 0.000000
1657 0.000000
2939 0.000001
2243 0.000001
2659 0.000001
6067 0.000001
5309 0.000001
5171 0.000001
5701 0.000001
1663 0.000001
3581 0.000001
4517 0.000001
5813 0.000001
1831 0.000000
1597 0.000001
3299 0.000001
1193 0.000001
5881 0.000001
5351 0.000001
2347 0.000001
4967 0.000001
1063 0.000001
4001 0.000001
4217 0.000002
3637 0.000001
7459 0.000001
89 0.000000
2437 0.000001
151 0.000001
857 0.000001
6449 0.000001
373 0.000001
2357 0.000001
6637 0.000001
4639 0.000001
1523 0.000001
5147 0.000001
4931 0.000001
6917 0.000002
3659 0.000002
1217 0.000001
5051 0.000001
3391 0.000002
4483 0.000001
7621 0.000001
1373 0.000000
5849 0.000001
1259 0.000000
4751 0.000001
4567 0.000001
1471 0.000001
3373 0.000001
3491 0.000001
5569 0.000001
4099 0.000001
3643 0.000001
4583 0.000001
359 0.000001
4049 0.000001
571 0.000001
1951 0.000001
6563 0.000001
4447 0.000002
2897 0.000001
3463 0.000001
6883 0.000001
3701 0.000001
7457 0.000001
5981 0.000001
6263 0.000001
353 0.000001
97 0.000000
983 0.000001
1601 0.000001
3449 0.000001
617 0.000001
757 0.000001
5743 0.000001
4723 0.000001
53 0.000000
5869 0.000001
2927 0.000001
6379 0.000002
6317 0.000001
2689 0.000001
5857 0.000001
887 0.000000
5827 0.000001
4973 0.000001
2269 0.000000
2423 0.000001
7451 0.000002
4027 0.000001
7867 0.000001
2381 0.000001
941 0.000001
3167 0.000001
2713 0.000001
569 0.000001
3739 0.000001
2371 0.000001
6983 0.000002
6551 0.000001
2111 0.000001
701 0.000001
2699 0.000001
2693 0.000001
2671 0.000001
6053 0.000001
3847 0.000001
439 0.000001
4889 0.000002
3539 0.000002
4159 0.000001
4657 0.000001
5077 0.000001
7499 0.000001
6221 0.000001
4241 0.000001
3863 0.000001
5623 0.000001
6857 0.000002
4111 0.000002
7247 0.000001
7823 0.000002
2083 0.000001
2861 0.000001
3833 0.000001
7703 0.000002
1033 0.000001
6691 0.000001
3217 0.000001
5591 0.000001
2309 0.000001
7109 0.000001
2293 0.000001
4327 0.000001
3023 0.000001
6679 0.000001
6229 0.000001
1123 0.000001
3929 0.000002
5113 0.000001
953 0.000001
5939 0.000001
6689 0.000002
3371 0.000001
29 0.000000
743 0.000001
67 0.000001
5651 0.000001
2903 0.000001
5531 0.000002
4831 0.000001
7489 0.000002
787 0.000001
769 0.000001
593 0.000001
3877 0.000001
6733 0.000001
2549 0.000000
2711 0.000001
5387 0.000001
6427 0.000001
2851 0.000001
1381 0.000001
5039 0.000001
157 0.000001
1283 0.000001
4283 0.000001
389 0.000000
967 0.000001
7177 0.000001
1 0.000001
6841 0.000001
5003 0.000000
337 0.000001
5419 0.000000
2999 0.000001
6073 0.000001
6121 0.000001
3607 0.000001
3061 0.000001
7351 0.000001
2207 0.000000
3767 0.000001
6869 0.000001
6257 0.000001
6047 0.000001
2069 0.000001
2969 0.000001
5801 0.000001
5879 0.000001
6653 0.000001
7187 0.000002
5381 0.000000
1747 0.000001
4663 0.000001
5167 0.000002
2801 0.000001
5443 0.000001
6163 0.000001
5179 0.000001
5821 0.000001
7433 0.000001
7583 0.000001
2441 0.000001
7229 0.000001
4153 0.000001
4421 0.000001
3109 0.000001
2719 0.000001
6421 0.000001
7577 0.000001
4813 0.000001
3137 0.000001
449 0.000001
4993 0.000001
409 0.000001
7321 0.000001
877 0.000001
4673 0.000001
3947 0.000001
6043 0.000001
7759 0.000001
1907 0.000000
6571 0.000002
1543 0.000001
5009 0.000001
139 0.000000
6451 0.000001
6737 0.000001
6599 0.000001
1327 0.000001
1993 0.000000
2647 0.000001
6343 0.000002
7603 0.000001
6287 0.000001
557 0.000001
1291 0.000000
1279 0.000001
1453 0.000000
47 0.000000
5749 0.000001
149 0.000001
2 0.000000
3259 0.000001
3727 0.000001
2833 0.000001
4703 0.000001
2789 0.000001
7237 0.000001
3931 0.000001
1723 0.000001
2399 0.000001
1489 0.000001
1301 0.000000
7417 0.000001
2837 0.000001
7517 0.000001
6469 0.000001
7789 0.000001
6337 0.000001
6361 0.000001
6907 0.000002
1237 0.000001
4057 0.000001
4259 0.000001
4507 0.000001
5407 0.000001
3331 0.000001
7559 0.000001
2477 0.000000
977 0.000001
5437 0.000002
5227 0.000001
2729 0.000001
2017 0.000001
599 0.000000
6871 0.000001
971 0.000001
1667 0.000001
2963 0.000001
6661 0.000001
2447 0.000001
2617 0.000001
5197 0.000001
7639 0.000002
6761 0.000001
6553 0.000001
673 0.000001
7649 0.000001
1031 0.000001
5393 0.000001
6823 0.000002
4349 0.000001
6301 0.000001
2153 0.000001
6133 0.000002
5659 0.000001
1553 0.000001
431 0.000001
2003 0.000001
1231 0.000001
5861 0.000001
1741 0.000001
3719 0.000001
3467 0.000001
7121 0.000001
1129 0.000001
5503 0.000001
6197 0.000001
4877 0.000001
2137 0.000000
307 0.000001
5711 0.000002
4937 0.000002
239 0.000000
7829 0.000001
109 0.000001
601 0.000001
1087 0.000001
6091 0.000001
947 0.000001
1019 0.000000
7103 0.000001
797 0.000001
5333 0.000001
6701 0.000002
1511 0.000001
487 0.000001
641 0.000001
6089 0.000001
269 0.000000
5581 0.000001
5471 0.000002
3823 0.000001
613 0.000001
3889 0.000001
7817 0.000001
5483 0.000001
3559 0.000001
2909 0.000001
2539 0.000000
6029 0.000002
3853 0.000001
1493 0.000001
5279 0.000001
6863 0.000001
6791 0.000002
1777 0.000001
4357 0.000001
2551 0.000000
7069 0.000001
6577 0.000001
1061 0.000000
1153 0.000001
311 0.000001
5647 0.000001
7283 0.000002
4021 0.000001
1709 0.000001
421 0.000000
3221 0.000001
4243 0.000001
5839 0.000002
4679 0.000001
929 0.000001
883 0.000001
6703 0.000001
3881 0.000001
1559 0.000001
2213 0.000001
1439 0.000001
5507 0.000001
1637 0.000001
2473 0.000001
1151 0.000001
5557 0.000002
379 0.000001
3691 0.000001
2011 0.000001
7741 0.000001
7901 0.000001
7573 0.000001
3677 0.000002
4003 0.000001
5987 0.000002
5281 0.000001
3943 0.000001
433 0.000001
7529 0.000001
7307 0.000001
7753 0.000001
3917 0.000001
1427 0.000000
3257 0.000001
6827 0.000001
733 0.000000
4903 0.000001
397 0.000001
3359 0.000001
1229 0.000001
1069 0.000001
2143 0.000001
7727 0.000001
2633 0.000001
61 0.000001
2141 0.000001
6299 0.000001
5927 0.000001
1949 0.000001
4549 0.000001
191 0.000000
1697 0.000001
241 0.000001
2383 0.000001
2749 0.000001
3343 0.000001
257 0.000000
223 0.000000
509 0.000001
6311 0.000001
1549 0.000000
7057 0.000001
2957 0.000001
3251 0.000001
1609 0.000001
6779 0.000002
6173 0.000002
3001 0.000001
6581 0.000001
2089 0.000001
5923 0.000001
3541 0.000055
4373 0.000001
7607 0.000001
5741 0.000001
3499 0.000001
4273 0.000001
4523 0.000001
1049 0.000001
7129 0.000001
2203 0.000001
349 0.000001
6271 0.000001
3209 0.000001
4999 0.000001
7349 0.000001
5519 0.000001
79 0.000001
6131 0.000001
2081 0.000001
7687 0.000001
829 0.000001
3319 0.000001
7297 0.000002
659 0.000001
6329 0.000001
3797 0.000000
6521 0.000001
2531 0.000001
7507 0.000001
4139 0.000001
503 0.000001
4861 0.000001
71 0.000000
4253 0.000001
4933 0.000001
7841 0.000001
2677 0.000001
1787 0.000001
6151 0.000002
7151 0.000001
2221 0.000001
5303 0.000001
5237 0.000001
3529 0.000001
1699 0.000001
3307 0.000001
5779 0.000001
1433 0.000001
2273 0.000000
6359 0.000001
3779 0.000001
3821 0.000001
7879 0.000001
313 0.000001
3163 0.000001
4051 0.000001
863 0.000000
491 0.000001
3761 0.000002
5477 0.000001
4337 0.000001
6997 0.000001
1117 0.000001
607 0.000001
7757 0.000001
7541 0.000001
5261 0.000001
5399 0.000001
4019 0.000001
1571 0.000001
4229 0.000016
7043 0.000001
7079 0.000001
4079 0.000001
2417 0.000001
4457 0.000001
7393 0.000001
653 0.000001
2179 0.000001
3623 0.000001
3079 0.000001
719 0.000001
6217 0.000001
4637 0.000001
1627 0.000000
683 0.000001
3347 0.000001
4957 0.000001
5101 0.000001
4493 0.000001
5843 0.000001
1021 0.000001
859 0.000001
4219 0.000001
3229 0.000001
6389 0.000001
5783 0.000001
3253 0.000001
3919 0.000001
6079 0.000002
197 0.000001
5851 0.000001
283 0.000001
7877 0.000002
5087 0.000002
293 0.000001
13 0.000001
2803 0.000001
167 0.000001
7213 0.000001
6911 0.000002
3793 0.000002
4177 0.000001
6899 0.000001
347 0.000001
1499 0.000001
4513 0.000002
6481 0.000001
7477 0.000001
6353 0.000001
6967 0.000001
233 0.000001
263 0.000000
1423 0.000001
4397 0.000001
3361 0.000001
2843 0.000001
7699 0.000001
1109 0.000001
3461 0.000001
3181 0.000001
4339 0.000001
2039 0.000001
4481 0.000001
6959 0.000001
2389 0.000001
4013 0.000001
2393 0.000001
2239 0.000001
6367 0.000002
4597 0.000001
1187 0.000001
3407 0.000001
5641 0.000001
73 0.000000
5023 0.000001
2879 0.000001
3389 0.000001
7691 0.000001
3613 0.000001
1613 0.000001
4801 0.000001
4871 0.000001
1759 0.000001
2503 0.000001
3203 0.000001
1531 0.000000
5953 0.000001
4091 0.000002
4133 0.000001
2467 0.000001
2591 0.000001
1733 0.000000
4409 0.000001
4729 0.000001
7001 0.000001
577 0.000001
1307 0.000001
5563 0.000001
83 0.000000
1987 0.000001
1801 0.000001
1867 0.000001
7211 0.000002
911 0.000000
173 0.000001
4547 0.000001
193 0.000001
3067 0.000001
6143 0.000001
113 0.000001
541 0.000001
11 0.000001
19 0.000000
3413 0.000001
2339 0.000001
2333 0.000000
461 0.000000
101 0.000000
6619 0.000001
7537 0.000001
2161 0.000001
331 0.000000
7589 0.000002
23 0.000001
1451 0.000001
1361 0.000001
5441 0.000002
1459 0.000000
5231 0.000001
2741 0.000001
761 0.000001
3583 0.000001
4561 0.000001
1409 0.000001
5081 0.000001
5347 0.000001
2087 0.000001
1297 0.000001
1103 0.000001
881 0.000000
2683 0.000001
1979 0.000000
1847 0.000001
6547 0.000001
2131 0.000001
7207 0.000001
5059 0.000001
2593 0.000001
3469 0.000001
991 0.000001
1579 0.000001
6473 0.000001
2351 0.000001
1163 0.000001
5683 0.000001
4261 0.000001
1567 0.000000
677 0.000001
1039 0.000001
727 0.000001
3049 0.000001
4201 0.000001
3511 0.000001
1429 0.000001
2459 0.000001
6659 0.000001
7333 0.000002
419 0.000001
4211 0.000001
3121 0.000001
937 0.000001
5449 0.000001
2791 0.000001
6211 0.000001
4817 0.000001
1009 0.000001
2707 0.000001
1931 0.000000
1487 0.000000
1481 0.000001
137 0.000000
6277 0.000000
1181 0.000001
821 0.000001
6529 0.000001
3803 0.000000
6709 0.000000
281 0.000000
2767 0.000000
3089 0.000001
5807 0.000001
1999 0.000001
4093 0.000001
4451 0.000001
1249 0.000001
7019 0.000001
7039 0.000000
709 0.000000
5153 0.000000
4759 0.000001
7159 0.000000
5653 0.000001
3697 0.000002
6269 0.000001
2411 0.000001
3329 0.000001
1091 0.000000
4783 0.000001
3557 0.000001
5737 0.000001
5479 0.000001
4787 0.000001
853 0.000000
3631 0.000001
6971 0.000002
7523 0.000001
6011 0.000000
997 0.000000
4793 0.000001
3911 0.000001
2063 0.000000
1933 0.000000
3617 0.000000
6323 0.000001
4463 0.000001
2341 0.000000
3769 0.000000
4591 0.000000
1873 0.000000
1789 0.000000
2297 0.000000
2687 0.000001
4127 0.000001
227 0.000000
5689 0.000001
2053 0.000001
4643 0.000001
463 0.000000
383 0.000001
7717 0.000001
3169 0.000001
5417 0.000001
7883 0.000001
2113 0.000001
3709 0.000001
59 0.000000
7027 0.000001
3733 0.000001
3301 0.000001
211 0.000001
1097 0.000001
1823 0.000001
1621 0.000001
7219 0.000001
4721 0.000001
2887 0.000001
163 0.000001
7591 0.000001
5521 0.000001
7253 0.000001
499 0.000001
277 0.000000
3967 0.000001
2579 0.000001
2609 0.000001
7669 0.000001
271 0.000001
6833 0.000001
6007 0.000001
7309 0.000001
6673 0.000002
6793 0.000001
2857 0.000001
1213 0.000001
7723 0.000002
2267 0.000001
4423 0.000001
2797 0.000000
5867 0.000001
6247 0.000001
4987 0.000001
7549 0.000002
6803 0.000001
1303 0.000001
1289 0.000001
7873 0.000001
3923 0.000001
7243 0.000001
5107 0.000001
1913 0.000001
739 0.000001
2543 0.000001
643 0.000000
1367 0.000001
4007 0.000001
3041 0.000001
1669 0.000001
1321 0.000001
6199 0.000001
773 0.000000
3187 0.000001
919 0.000001
2521 0.000001
2251 0.000001
7 0.000001
1399 0.000001
4271 0.000001
3119 0.000001
31 0.000001
1607 0.000000
5693 0.000001
5573 0.000001
6397 0.000000
4789 0.000000
4391 0.000001
467 0.000001
587 0.000000
7369 0.000001
2027 0.000001
1223 0.000001
3533 0.000001
4969 0.000001
3433 0.000001
4073 0.000001
3323 0.000001
2621 0.000001
4919 0.000001
7193 0.000002
2129 0.000001
839 0.000000
1721 0.000001
827 0.000001
3989 0.000001
4651 0.000001
1201 0.000001
2029 0.000001
631 0.000000
4691 0.000001
6569 0.000001
4621 0.000001
4297 0.000001
2777 0.000001
1783 0.000001
4733 0.000001
5527 0.000001
6977 0.000001
1889 0.000001
5 0.000001
2731 0.000001
5209 0.000001
107 0.000000
2663 0.000001
4231 0.000001
6829 0.000001
1319 0.000001
179 0.000000
131 0.000001
4943 0.000001
3313 0.000001
5273 0.000001
1753 0.000001
3191 0.000001
523 0.000001
1583 0.000000
811 0.000007
547 0.000001
1973 0.000000
7331 0.000001
1277 0.000000
7853 0.000001
6961 0.000001
3271 0.000001
229 0.000000
3593 0.000001
563 0.000000
7561 0.000001
4951 0.000001
3011 0.000000
4519 0.000001
3673 0.000000
2557 0.000001
4441 0.000000
2953 0.000001
103 0.000001
479 0.000000
3457 0.000001
6719 0.000001
5021 0.000001
619 0.000001
6763 0.000001
1879 0.000000
2311 0.000001
3547 0.000001
1013 0.000001
6203 0.000001
1811 0.000001
6113 0.000001
6373 0.000001
2237 0.000001
3083 0.000001
2971 0.000001
1051 0.000001
1877 0.000000
1861 0.000001
823 0.000000
199 0.000001
521 0.000001
317 0.000001
43 0.000001
6037 0.000001
6101 0.000001
3571 0.000001
6949 0.000000
7673 0.000001
2377 0.000001
1871 0.000001
127 0.000001
2657 0.000001
6947 0.000001
5119 0.000001
4289 0.000001
7013 0.000001
5297 0.000001
7681 0.000001
809 0.000000
17 0.000000
2099 0.000001
457 0.000001
1447 0.000001
4909 0.000001
3 0.000000
2287 0.000001
7547 0.000001
751 0.000001
5011 0.000001
2281 0.000000
5669 0.000001
6491 0.000001
7481 0.000001
7411 0.000000
5233 0.000002
1997 0.000001
647 0.000001
4603 0.000001
3019 0.000001
443 0.000000
2753 0.000001
5897 0.000000
401 0.000001
4799 0.000001
691 0.000001
1693 0.000001
5323 0.000000
3851 0.000001
2819 0.000001
6781 0.000001
5189 0.000001
3517 0.000001
1483 0.000001
41 0.000000
4649 0.000000
5413 0.000001
4157 0.000001
5501 0.000001
4363 0.000001
5639 0.000001
1093 0.000000
7127 0.000001
6991 0.000000
5431 0.000001
7643 0.000000
7487 0.000001
5717 0.000001
2917 0.000000
7793 0.000001
3527 0.000000
0 0.000002
3671 0.000000
5657 0.000001
181 0.000000
661 0.000001
5099 0.000001
3037 0.000001
3907 0.000001
4129 0.000001
6607 0.000001
37 0.000000
1171 0.000000
1619 0.000000
907 0.000001
367 0.000000
5903 0.000000
5791 0.000001
251 0.000001
1901 0.000001
1657 0.000001
2939 0.000000
2243 0.000000
2659 0.000000
6067 0.000001
5309 0.000001
5171 0.000001
5701 0.000000
1663 0.000001
3581 0.000001
4517 0.000000
5813 0.000001
1831 0.000001
1597 0.000000
3299 0.000000
1193 0.000000
5881 0.000001
5351 0.000000
2347 0.000000
4967 0.000001
1063 0.000000
4001 0.000000
4217 0.000001
3637 0.000001
7459 0.000000
89 0.000000
2437 0.000001
151 0.000001
857 0.000000
6449 0.000001
373 0.000001
2357 0.000001
6637 0.000001
4639 0.000001
1523 0.000000
5147 0.000001
4931 0.000001
6917 0.000002
3659 0.000001
1217 0.000000
5051 0.000000
3391 0.000000
4483 0.000000
7621 0.000001
1373 0.000000
5849 0.000000
1259 0.000001
4751 0.000001
4567 0.000001
1471 0.000000
3373 0.000001
3491 0.000001
5569 0.000001
4099 0.000001
3643 0.000000
4583 0.000001
359 0.000000
4049 0.000001
571 0.000000
1951 0.000000
6563 0.000001
4447 0.000000
2897 0.000001
3463 0.000001
6883 0.000001
3701 0.000000
7457 0.000002
5981 0.000001
6263 0.000001
353 0.000001
97 0.000001
983 0.000001
1601 0.000000
3449 0.000004
617 0.000000
757 0.000000
5743 0.000001
4723 0.000000
53 0.000000
5869 0.000001
2927 0.000001
6379 0.000001
6317 0.000000
2689 0.000001
5857 0.000001
887 0.000001
5827 0.000001
4973 0.000001
2269 0.000000
2423 0.000001
7451 0.000001
4027 0.000000
7867 0.000001
2381 0.000001
941 0.000000
3167 0.000000
2713 0.000000
569 0.000000
3739 0.000001
2371 0.000001
6983 0.000001
6551 0.000001
2111 0.000001
701 0.000001
2699 0.000001
2693 0.000001
2671 0.000000
6053 0.000001
3847 0.000001
439 0.000000
4889 0.000000
3539 0.000001
4159 0.000001
4657 0.000001
5077 0.000001
7499 0.000001
6221 0.000001
4241 0.000000
3863 0.000001
5623 0.000001
6857 0.000001
4111 0.000000
7247 0.000001
7823 0.000000
2083 0.000001
2861 0.000001
3833 0.000001
7703 0.000001
1033 0.000001
6691 0.000001
3217 0.000001
5591 0.000001
2309 0.000001
7109 0.000001
2293 0.000001
4327 0.000001
3023 0.000001
6679 0.000001
6229 0.000001
1123 0.000001
3929 0.000001
5113 0.000002
953 0.000000
5939 0.000001
6689 0.000001
3371 0.000000
29 0.000001
743 0.000001
67 0.000000
5651 0.000001
2903 0.000001
5531 0.000000
4831 0.000001
7489 0.000001
787 0.000001
769 0.000000
593 0.000000
3877 0.000001
6733 0.000001
2549 0.000000
2711 0.000000
5387 0.000001
6427 0.000001
2851 0.000000
1381 0.000001
5039 0.000000
157 0.000000
1283 0.000000
4283 0.000001
389 0.000001
967 0.000001
7177 0.000001
1 0.000000
6841 0.000001
5003 0.000001
337 0.000000
5419 0.000001
2999 0.000000
6073 0.000000
6121 0.000001
3607 0.000001
3061 0.000000
7351 0.000000
2207 0.000001
3767 0.000001
6869 0.000001
6257 0.000001
6047 0.000001
2069 0.000001
2969 0.000001
5801 0.000001
5879 0.000001
6653 0.000000
7187 0.000001
5381 0.000001
1747 0.000000
4663 0.000001
5167 0.000000
2801 0.000001
5443 0.000000
6163 0.000001
5179 0.000001
5821 0.000001
7433 0.000001
7583 0.000001
2441 0.000000
7229 0.000001
4153 0.000000
4421 0.000001
3109 0.000000
2719 0.000001
6421 0.000001
7577 0.000001
4813 0.000001
3137 0.000001
449 0.000001
4993 0.000001
409 0.000000
7321 0.000002
877 0.000001
4673 0.000001
3947 0.000001
6043 0.000001
7759 0.000001
1907 0.000001
6571 0.000001
1543 0.000001
5009 0.000001
139 0.000001
6451 0.000001
6737 0.000001
6599 0.000001
1327 0.000001
1993 0.000001
2647 0.000001
6343 0.000001
7603 0.000001
6287 0.000001
557 0.000000
1291 0.000001
1279 0.000001
1453 0.000001
47 0.000001
5749 0.000001
149 0.000001
2 0.000000
3259 0.000001
3727 0.000000
2833 0.000001
4703 0.000001
2789 0.000000
7237 0.000001
3931 0.000001
1723 0.000000
2399 0.000001
1489 0.000000
1301 0.000000
7417 0.000001
2837 0.000001
7517 0.000000
6469 0.000001
7789 0.000001
6337 0.000001
6361 0.000001
6907 0.000001
1237 0.000000
4057 0.000000
4259 0.000001
4507 0.000001
5407 0.000000
3331 0.000001
7559 0.000000
2477 0.000000
977 0.000001
5437 0.000000
5227 0.000001
2729 0.000001
2017 0.000001
599 0.000000
6871 0.000001
971 0.000000
1667 0.000000
2963 0.000001
6661 0.000001
2447 0.000001
2617 0.000001
5197 0.000001
7639 0.000001
6761 0.000001
6553 0.000001
673 0.000000
7649 0.000001
1031 0.000000
5393 0.000000
6823 0.000001
4349 0.000001
6301 0.000001
2153 0.000000
6133 0.000001
5659 0.000000
1553 0.000001
431 0.000000
2003 0.000000
1231 0.000000
5861 0.000001
1741 0.000000
3719 0.000000
3467 0.000000
7121 0.000000
1129 0.000001
5503 0.000000
6197 0.000001
4877 0.000001
2137 0.000001
307 0.000001
5711 0.000001
4937 0.000001
239 0.000000
7829 0.000001
109 0.000000
601 0.000001
1087 0.000000
6091 0.000001
947 0.000001
1019 0.000000
7103 0.000001
797 0.000000
5333 0.000001
6701 0.000001
1511 0.000000
487 0.000001
641 0.000001
6089 0.000001
269 0.000001
5581 0.000001
5471 0.000001
3823 0.000001
613 0.000000
3889 0.000001
7817 0.000001
5483 0.000006
3559 0.000001
2909 0.000001
2539 0.000001
6029 0.000000
3853 0.000000
1493 0.000000
5279 0.000001
6863 0.000001
6791 0.000001
1777 0.000001
4357 0.000001
2551 0.000001
7069 0.000001
6577 0.000001
1061 0.000001
1153 0.000001
311 0.000000
5647 0.000001
7283 0.000001
4021 0.000002
1709 0.000001
421 0.000001
3221 0.000001
4243 0.000001
5839 0.000001
4679 0.000001
929 0.000000
883 0.000000
6703 0.000001
3881 0.000001
1559 0.000000
2213 0.000001
1439 0.000001
5507 0.000001
1637 0.000001
2473 0.000001
1151 0.000001
5557 0.000001
379 0.000001
3691 0.000001
2011 0.000000
7741 0.000002
7901 0.000001
7573 0.000001
3677 0.000001
4003 0.000001
5987 0.000001
5281 0.000001
3943 0.000001
433 0.000001
7529 0.000002
7307 0.000001
7753 0.000001
3917 0.000001
1427 0.000001
3257 0.000001
6827 0.000001
733 0.000001
4903 0.000001
397 0.000000
3359 0.000002
1229 0.000001
1069 0.000001
2143 0.000001
7727 0.000002
2633 0.000001
61 0.000001
2141 0.000001
6299 0.000001
5927 0.000001
1949 0.000001
4549 0.000001
191 0.000000
1697 0.000001
241 0.000001
2383 0.000001
2749 0.000001
3343 0.000001
257 0.000001
223 0.000001
509 0.000001
6311 0.000001
1549 0.000001
7057 0.000002
2957 0.000001
3251 0.000001
1609 0.000001
6779 0.000001
6173 0.000001
3001 0.000001
6581 0.000001
2089 0.000001
5923 0.000001
3541 0.000001
4373 0.000001
7607 0.000001
5741 0.000001
3499 0.000001
4273 0.000001
4523 0.000001
1049 0.000001
7129 0.000001
2203 0.000001
349 0.000000
6271 0.000001
3209 0.000001
4999 0.000002
7349 0.000002
5519 0.000002
79 0.000001
6131 0.000001
2081 0.000001
7687 0.000001
829 0.000001
3319 0.000001
7297 0.000001
659 0.000001
6329 0.000001
3797 0.000001
6521 0.000001
2531 0.000001
7507 0.000001
4139 0.000001
503 0.000000
4861 0.000001
71 0.000001
4253 0.000001
4933 0.000001
7841 0.000001
2677 0.000001
1787 0.000000
6151 0.000001
7151 0.000001
2221 0.000001
5303 0.000001
5237 0.000001
3529 0.000001
1699 0.000001
3307 0.000001
5779 0.000001
1433 0.000001
2273 0.000001
6359 0.000002
3779 0.000001
3821 0.000001
7879 0.000001
313 0.000001
3163 0.000001
4051 0.000001
863 0.000001
491 0.000000
3761 0.000001
5477 0.000001
4337 0.000001
6997 0.000001
1117 0.000001
607 0.000001
7757 0.000001
7541 0.000002
5261 0.000001
5399 0.000001
4019 0.000001
1571 0.000001
4229 0.000000
7043 0.000001
7079 0.000001
4079 0.000001
2417 0.000000
4457 0.000001
7393 0.000002
653 0.000001
2179 0.000001
3623 0.000000
3079 0.000001
719 0.000000
6217 0.000002
4637 0.000001
1627 0.000001
683 0.000000
3347 0.000001
4957 0.000001
5101 0.000001
4493 0.000001
5843 0.000001
1021 0.000001
859 0.000001
4219 0.000001
3229 0.000001
6389 0.000001
5783 0.000001
3253 0.000001
3919 0.000001
6079 0.000001
197 0.000001
5851 0.000001
283 0.000001
7877 0.000002
5087 0.000001
293 0.000000
13 0.000000
2803 0.000001
167 0.000000
7213 0.000002
6911 0.000001
3793 0.000001
4177 0.000001
6899 0.000001
347 0.000001
1499 0.000000
4513 0.000001
6481 0.000001
7477 0.000001
6353 0.000002
6967 0.000001
233 0.000001
263 0.000001
1423 0.000001
4397 0.000001
3361 0.000001
2843 0.000000
7699 0.000001
1109 0.000001
3461 0.000002
3181 0.000001
4339 0.000001
2039 0.000001
4481 0.000001
6959 0.000001
2389 0.000001
4013 0.000001
2393 0.000001
2239 0.000001
6367 0.000001
4597 0.000001
1187 0.000001
3407 0.000001
5641 0.000001
73 0.000000
5023 0.000001
2879 0.000001
3389 0.000002
7691 0.000001
3613 0.000001
1613 0.000000
4801 0.000001
4871 0.000001
1759 0.000001
2503 0.000001
3203 0.000001
1531 0.000001
5953 0.000001
4091 0.000001
4133 0.000001
2467 0.000001
2591 0.000002
1733 0.000001
4409 0.000001
4729 0.000000
7001 0.000001
577 0.000001
1307 0.000001
5563 0.000000
83 0.000000
1987 0.000001
1801 0.000001
1867 0.000000
7211 0.000000
911 0.000000
173 0.000001
4547 0.000001
193 0.000000
3067 0.000001
6143 0.000001
113 0.000000
541 0.000000
11 0.000000
19 0.000000
3413 0.000001
2339 0.000001
2333 0.000000
461 0.000000
101 0.000000
6619 0.000001
7537 0.000001
2161 0.000001
331 0.000001
7589 0.000001
23 0.000001
1451 0.000001
1361 0.000000
5441 0.000001
1459 0.000000
5231 0.000001
2741 0.000001
761 0.000000
3583 0.000001
4561 0.000001
1409 0.000001
5081 0.000000
5347 0.000000
2087 0.000001
1297 0.000000
1103 0.000000
881 0.000000
2683 0.000000
1979 0.000000
1847 0.000001
6547 0.000001
2131 0.000000
7207 0.000001
5059 0.000001
2593 0.000001
3469 0.000000
991 0.000001
1579 0.000001
6473 0.000001
2351 0.000000
1163 0.000000
5683 0.000001
4261 0.000001
1567 0.000001
677 0.000000
1039 0.000001
727 0.000000
3049 0.000001
4201 0.000000
3511 0.000001
1429 0.000001
2459 0.000000
6659 0.000000
7333 0.000001
419 0.000001
4211 0.000001
3121 0.000001
937 0.000001
5449 0.000001
2791 0.000000
6211 0.000001
4817 0.000001
1009 0.000001
2707 0.000000
1931 0.000001
1487 0.000000
1481 0.000001
137 0.000000
6277 0.000001
1181 0.000001
821 0.000000
6529 0.000001
3803 0.000002
6709 0.000001
281 0.000000
2767 0.000001
3089 0.000001
5807 0.000001
1999 0.000001
4093 0.000001
4451 0.000001
1249 0.000001
7019 0.000002
7039 0.000001
709 0.000001
5153 0.000001
4759 0.000001
7159 0.000001
5653 0.000001
3697 0.000001
6269 0.000001
2411 0.000001
3329 0.000001
1091 0.000000
4783 0.000002
3557 0.000001
5737 0.000001
5479 0.000001
4787 0.000001
853 0.000000
3631 0.000001
6971 0.000001
7523 0.000002
6011 0.000001
997 0.000001
4793 0.000001
3911 0.000001
2063 0.000001
1933 0.000001
3617 0.000001
6323 0.000001
4463 0.000001
2341 0.000001
3769 0.000001
4591 0.000001
1873 0.000000
1789 0.000001
2297 0.000001
2687 0.000001
4127 0.000001
227 0.000001
5689 0.000001
2053 0.000001
4643 0.000001
463 0.000000
383 0.000001
7717 0.000001
3169 0.000001
5417 0.000001
7883 0.000001
2113 0.000001
3709 0.000001
59 0.000000
7027 0.000001
3733 0.000001
3301 0.000001
211 0.000001
1097 0.000001
1823 0.000001
1621 0.000001
7219 0.000001
4721 0.000001
2887 0.000001
163 0.000000
7591 0.000002
5521 0.000001
7253 0.000001
499 0.000001
277 0.000001
3967 0.000001
2579 0.000001
2609 0.000000
7669 0.000001
271 0.000001
6833 0.000001
6007 0.000002
7309 0.000001
6673 0.000002
6793 0.000001
2857 0.000001
1213 0.000001
7723 0.000001
2267 0.000001
4423 0.000001
2797 0.000001
5867 0.000001
6247 0.000001
4987 0.000001
7549 0.000001
6803 0.000001
1303 0.000000
1289 0.000000
7873 0.000001
3923 0.000001
7243 0.000001
5107 0.000001
1913 0.000001
739 0.000001
2543 0.000001
643 0.000001
1367 0.000001
4007 0.000001
3041 0.000001
1669 0.000001
1321 0.000001
6199 0.000001
773 0.000001
3187 0.000000
919 0.000001
2521 0.000001
2251 0.000001
7 0.000000
1399 0.000000
4271 0.000001
3119 0.000001
31 0.000001
1607 0.000001
5693 0.000001
5573 0.000001
6397 0.000001
4789 0.000001
4391 0.000001
467 0.000000
587 0.000001
7369 0.000002
2027 0.000001
1223 0.000001
3533 0.000001
4969 0.000001
3433 0.000001
4073 0.000001
3323 0.000001
2621 0.000001
4919 0.000001
7193 0.000001
2129 0.000001
839 0.000001
1721 0.000001
827 0.000001
3989 0.000001
4651 0.000001
1201 0.000000
2029 0.000001
631 0.000001
4691 0.000001
6569 0.000001
4621 0.000001
4297 0.000001
2777 0.000001
1783 0.000001
4733 0.000001
5527 0.000008
6977 0.000001
1889 0.000001
5 0.000001
2731 0.000001
5209 0.000001
107 0.000001
2663 0.000001
4231 0.000001
6829 0.000001
1319 0.000001
179 0.000000
131 0.000000
4943 0.000001
3313 0.000000
5273 0.000001
1753 0.000001
3191 0.000001
523 0.000000
1583 0.000001
811 0.000000
547 0.000000
1973 0.000001
7331 0.000001
1277 0.000000
7853 0.000001
6961 0.000001
3271 0.000001
229 0.000001
3593 0.000000
563 0.000001
7561 0.000002
4951 0.000001
3011 0.000001
4519 0.000001
3673 0.000001
2557 0.000001
4441 0.000001
2953 0.000001
103 0.000000
479 0.000001
3457 0.000001
6719 0.000001
5021 0.000001
619 0.000001
6763 0.000001
1879 0.000001
2311 0.000001
3547 0.000002
1013 0.000001
6203 0.000001
1811 0.000000
6113 0.000001
6373 0.000001
2237 0.000001
3083 0.000001
2971 0.000000
1051 0.000001
1877 0.000001
1861 0.000000
823 0.000001
199 0.000001
521 0.000001
317 0.000000
43 0.000000
6037 0.000001
6101 0.000001
3571 0.000001
6949 0.000002
7673 0.000001
2377 0.000000
1871 0.000001
127 0.000000
2657 0.000001
6947 0.000001
5119 0.000001
4289 0.000001
7013 0.000001
5297 0.000001
7681 0.000002
809 0.000001
17 0.000000
2099 0.000001
457 0.000000
1447 0.000001
4909 0.000001
3 0.000001
2287 0.000001
7547 0.000001
751 0.000001
5011 0.000001
2281 0.000001
5669 0.000001
6491 0.000002
7481 0.000001
7411 0.000001
5233 0.000001
1997 0.000001
647 0.000001
4603 0.000001
3019 0.000000
443 0.000001
2753 0.000001
5897 0.000001
401 0.000000
4799 0.000001
691 0.000000
1693 0.000001
5323 0.000002
3851 0.000001
2819 0.000001
6781 0.000001
5189 0.000001
3517 0.000001
1483 0.000001
41 0.000000
4649 0.000002
5413 0.000002
4157 0.000001
5501 0.000001
4363 0.000001
5639 0.000001
1093 0.000000
7127 0.000001
6991 0.000002
5431 0.000001
7643 0.000001
7487 0.000001
5717 0.000001
2917 0.000001
7793 0.000001
3527 0.000001
0 0.000001
3671 0.000001
5657 0.000001
181 0.000001
661 0.000001
5099 0.000002
3037 0.000001
3907 0.000001
4129 0.000001
6607 0.000001
37 0.000001
1171 0.000001
1619 0.000001
907 0.000001
367 0.000001
5903 0.000000
5791 0.000000
251 0.000001
1901 0.000001
1657 0.000001
2939 0.000001
2243 0.000001
2659 0.000001
6067 0.000001
5309 0.000001
5171 0.000001
5701 0.000001
1663 0.000000
3581 0.000001
4517 0.000001
5813 0.000001
1831 0.000000
1597 0.000001
3299 0.000000
1193 0.000001
5881 0.000001
5351 0.000001
2347 0.000001
4967 0.000001
1063 0.000001
4001 0.000001
4217 0.000001
3637 0.000001
7459 0.000001
89 0.000000
2437 0.000001
151 0.000001
857 0.000001
6449 0.000001
373 0.000001
2357 0.000001
6637 0.000001
4639 0.000001
1523 0.000001
5147 0.000002
4931 0.000001
6917 0.000001
3659 0.000001
1217 0.000000
5051 0.000001
3391 0.000001
4483 0.000001
7621 0.000001
1373 0.000001
5849 0.000001
1259 0.000001
4751 0.000001
4567 0.000001
1471 0.000000
3373 0.000001
3491 0.000000
5569 0.000001
4099 0.000001
3643 0.000002
4583 0.000002
359 0.000001
4049 0.000001
571 0.000001
1951 0.000001
6563 0.000001
4447 0.000001
2897 0.000001
3463 0.000001
6883 0.000001
3701 0.000001
7457 0.000002
5981 0.000001
6263 0.000001
353 0.000000
97 0.000001
983 0.000000
1601 0.000001
3449 0.000001
617 0.000001
757 0.000000
5743 0.000001
4723 0.000001
53 0.000000
5869 0.000001
2927 0.000001
6379 0.000001
6317 0.000001
2689 0.000000
5857 0.000001
887 0.000001
5827 0.000001
4973 0.000001
2269 0.000001
2423 0.000000
7451 0.000001
4027 0.000001
7867 0.000001
2381 0.000001
941 0.000001
3167 0.000001
2713 0.000001
569 0.000001
3739 0.000001
2371 0.000001
6983 0.000001
6551 0.000001
2111 0.000001
701 0.000000
2699 0.000001
2693 0.000001
2671 0.000001
6053 0.000001
3847 0.000001
439 0.000000
4889 0.000001
3539 0.000001
4159 0.000001
4657 0.000008
5077 0.000001
7499 0.000001
6221 0.000002
4241 0.000001
3863 0.000001
5623 0.000001
6857 0.000001
4111 0.000000
7247 0.000001
7823 0.000001
2083 0.000001
2861 0.000001
3833 0.000001
7703 0.000001
1033 0.000001
6691 0.000001
3217 0.000001
5591 0.000001
2309 0.000001
7109 0.000001
2293 0.000001
4327 0.000001
3023 0.000001
6679 0.000002
6229 0.000001
1123 0.000001
3929 0.000000
5113 0.000001
953 0.000001
5939 0.000001
6689 0.000001
3371 0.000001
29 0.000000
743 0.000001
67 0.000001
5651 0.000001
2903 0.000001
5531 0.000001
4831 0.000002
7489 0.000001
787 0.000001
769 0.000000
593 0.000001
3877 0.000001
6733 0.000001
2549 0.000001
2711 0.000001
5387 0.000001
6427 0.000001
2851 0.000001
1381 0.000001
5039 0.000001
157 0.000000
1283 0.000001
4283 0.000001
389 0.000000
967 0.000000
7177 0.000001
1 0.000000
6841 0.000001
5003 0.000001
337 0.000001
5419 0.000001
2999 0.000001
6073 0.000001
6121 0.000001
3607 0.000001
3061 0.000001
7351 0.000001
2207 0.000001
3767 0.000001
6869 0.000002
6257 0.000001
6047 0.000001
2069 0.000001
2969 0.000001
5801 0.000001
5879 0.000001
6653 0.000001
7187 0.000001
5381 0.000001
1747 0.000001
4663 0.000001
5167 0.000001
2801 0.000001
5443 0.000002
6163 0.000002
5179 0.000001
5821 0.000001
7433 0.000001
7583 0.000001
2441 0.000001
7229 0.000001
4153 0.000001
4421 0.000001
3109 0.000001
2719 0.000001
6421 0.000001
7577 0.000001
4813 0.000001
3137 0.000001
449 0.000001
4993 0.000001
409 0.000000
7321 0.000001
877 0.000000
4673 0.000001
3947 0.000001
6043 0.000001
7759 0.000001
1907 0.000001
6571 0.000001
1543 0.000001
5009 0.000000
139 0.000001
6451 0.000002
6737 0.000001
6599 0.000001
1327 0.000001
1993 0.000001
2647 0.000001
6343 0.000001
7603 0.000001
6287 0.000001
557 0.000001
1291 0.000000
1279 0.000001
1453 0.000000
47 0.000000
5749 0.000001
149 0.000001
2 0.000001
3259 0.000001
3727 0.000001
2833 0.000000
4703 0.000001
2789 0.000001
7237 0.000002
3931 0.000001
1723 0.000001
2399 0.000001
1489 0.000001
1301 0.000001
7417 0.000002
2837 0.000002
7517 0.000002
6469 0.000001
7789 0.000001
6337 0.000001
6361 0.000001
6907 0.000001
1237 0.000001
4057 0.000001
4259 0.000001
4507 0.000001
5407 0.000001
3331 0.000001
7559 0.000001
2477 0.000001
977 0.000001
5437 0.000001
5227 0.000001
2729 0.000001
2017 0.000001
599 0.000001
6871 0.000001
971 0.000000
1667 0.000000
2963 0.000001
6661 0.000001
2447 0.000001
2617 0.000001
5197 0.000001
7639 0.000001
6761 0.000001
6553 0.000001
673 0.000001
7649 0.000001
1031 0.000001
5393 0.000001
6823 0.000001
4349 0.000001
6301 0.000001
2153 0.000001
6133 0.000001
5659 0.000001
1553 0.000001
431 0.000000
2003 0.000001
1231 0.000001
5861 0.000001
1741 0.000001
3719 0.000001
3467 0.000001
7121 0.000001
1129 0.000001
5503 0.000002
6197 0.000001
4877 0.000001
2137 0.000001
307 0.000001
5711 0.000002
4937 0.000001
239 0.000001
7829 0.000002
109 0.000001
601 0.000000
1087 0.000001
6091 0.000001
947 0.000001
1019 0.000001
7103 0.000001
797 0.000001
5333 0.000001
6701 0.000001
1511 0.000001
487 0.000001
641 0.000001
6089 0.000001
269 0.000001
5581 0.000001
5471 0.000001
3823 0.000001
613 0.000001
3889 0.000001
7817 0.000001
5483 0.000001
3559 0.000001
2909 0.000001
2539 0.000001
6029 0.000001
3853 0.000001
1493 0.000001
5279 0.000001
6863 0.000001
6791 0.000001
1777 0.000001
4357 0.000000
2551 0.000001
7069 0.000001
6577 0.000001
1061 0.000001
1153 0.000001
311 0.000000
5647 0.000001
7283 0.000002
4021 0.000001
1709 0.000001
421 0.000000
3221 0.000001
4243 0.000001
5839 0.000001
4679 0.000001
929 0.000001
883 0.000000
6703 0.000002
3881 0.000000
1559 0.000001
2213 0.000000
1439 0.000001
5507 0.000001
1637 0.000001
2473 0.000001
1151 0.000001
5557 0.000001
379 0.000001
3691 0.000001
2011 0.000001
7741 0.000001
7901 0.000002
7573 0.000001
3677 0.000001
4003 0.000001
5987 0.000001
5281 0.000001
3943 0.000001
433 0.000000
7529 0.000001
7307 0.000001
7753 0.000001
3917 0.000001
1427 0.000001
3257 0.000001
6827 0.000001
733 0.000001
4903 0.000001
397 0.000000
3359 0.000001
1229 0.000001
1069 0.000001
2143 0.000001
7727 0.000002
2633 0.000001
61 0.000000
2141 0.000001
6299 0.000001
5927 0.000002
1949 0.000001
4549 0.000000
191 0.000000
1697 0.000001
241 0.000000
2383 0.000001
2749 0.000001
3343 0.000001
257 0.000001
223 0.000001
509 0.000001
6311 0.000001
1549 0.000001
7057 0.000001
2957 0.000001
3251 0.000001
1609 0.000001
6779 0.000001
6173 0.000001
3001 0.000001
6581 0.000001
2089 0.000000
5923 0.000001
3541 0.000000
4373 0.000001
7607 0.000001
5741 0.000001
3499 0.000001
4273 0.000001
4523 0.000001
1049 0.000001
7129 0.000001
2203 0.000001
349 0.000000
6271 0.000001
3209 0.000001
4999 0.000001
7349 0.000001
5519 0.000001
79 0.000001
6131 0.000001
2081 0.000001
7687 0.000001
829 0.000001
3319 0.000001
7297 0.000001
659 0.000001
6329 0.000001
3797 0.000001
6521 0.000002
2531 0.000001
7507 0.000001
4139 0.000001
503 0.000000
4861 0.000001
71 0.000000
4253 0.000001
4933 0.000001
7841 0.000001
2677 0.000001
1787 0.000001
6151 0.000001
7151 0.000001
2221 0.000001
5303 0.000001
5237 0.000001
3529 0.000001
1699 0.000001
3307 0.000001
5779 0.000001
1433 0.000001
2273 0.000001
6359 0.000001
3779 0.000001
3821 0.000001
7879 0.000001
313 0.000000
3163 0.000001
4051 0.000001
863 0.000001
491 0.000001
3761 0.000001
5477 0.000001
4337 0.000000
6997 0.000001
1117 0.000001
607 0.000001
7757 0.000001
7541 0.000001
5261 0.000001
5399 0.000001
4019 0.000001
1571 0.000000
4229 0.000001
7043 0.000001
7079 0.000001
4079 0.000001
2417 0.000000
4457 0.000001
7393 0.000001
653 0.000000
2179 0.000001
3623 0.000001
3079 0.000001
719 0.000001
6217 0.000001
4637 0.000001
1627 0.000001
683 0.000001
3347 0.000001
4957 0.000001
5101 0.000001
4493 0.000001
5843 0.000001
1021 0.000000
859 0.000001
4219 0.000001
3229 0.000001
6389 0.000001
5783 0.000001
3253 0.000001
3919 0.000001
6079 0.000001
197 0.000000
5851 0.000001
283 0.000000
7877 0.000001
5087 0.000001
293 0.000000
13 0.000000
2803 0.000001
167 0.000000
7213 0.000002
6911 0.000001
3793 0.000002
4177 0.000001
6899 0.000001
347 0.000001
1499 0.000000
4513 0.000001
6481 0.000001
7477 0.000001
6353 0.000001
6967 0.000001
233 0.000000
263 0.000000
1423 0.000001
4397 0.000001
3361 0.000001
2843 0.000001
7699 0.000001
1109 0.000001
3461 0.000001
3181 0.000001
4339 0.000002
2039 0.000001
4481 0.000001
6959 0.000001
2389 0.000001
4013 0.000001
2393 0.000001
2239 0.000001
6367 0.000002
4597 0.000001
1187 0.000001
3407 0.000001
5641 0.000001
73 0.000000
5023 0.000002
2879 0.000001
3389 0.000000
7691 0.000001
3613 0.000001
1613 0.000000
4801 0.000001
4871 0.000002
1759 0.000001
2503 0.000001
3203 0.000001
1531 0.000001
5953 0.000001
