433 0.000001
449 0.000002
131 0.000001
17 0.000000
491 0.000001
317 0.000001
3 0.000000
487 0.000002
43 0.000000
79 0.000001
307 0.000001
167 0.000001
359 0.000001
29 0.000001
379 0.000001
227 0.000001
179 0.000001
7 0.000001
367 0.000001
193 0.000000
107 0.000000
173 0.000000
137 0.000000
37 0.000001
271 0.000001
293 0.000001
139 0.000001
47 0.000000
83 0.000001
89 0.000000
13 0.000001
397 0.000002
41 0.000001
277 0.000001
389 0.000001
109 0.000000
313 0.000001
199 0.000001
73 0.000001
463 0.000002
101 0.000001
373 0.000001
347 0.000001
401 0.000002
439 0.000002
263 0.000001
331 0.000001
431 0.000001
103 0.000001
353 0.000002
409 0.000002
251 0.000001
479 0.000001
419 0.000002
257 0.000001
181 0.000001
61 0.000000
149 0.000001
509 0.000002
421 0.000001
241 0.000001
127 0.000001
197 0.000001
113 0.000001
5 0.000001
283 0.000001
523 0.000002
383 0.000002
71 0.000001
23 0.000001
223 0.000001
503 0.000002
97 0.000001
269 0.000001
311 0.000001
59 0.000001
19 0.000001
11 0.000000
2 0.000000
281 0.000001
457 0.000001
229 0.000001
349 0.000001
157 0.000001
443 0.000002
461 0.000002
521 0.000001
31 0.000000
163 0.000000
541 0.000002
337 0.000002
151 0.000001
67 0.000001
233 0.000001
211 0.000001
467 0.000001
239 0.000001
53 0.000001
191 0.000001
499 0.000002
433 0.000001
449 0.000003
131 0.000001
17 0.000000
491 0.000002
317 0.000001
3 0.000001
487 0.000001
43 0.000000
79 0.000001
307 0.000001
167 0.000000
359 0.000001
29 0.000000
379 0.000001
227 0.000001
179 0.000001
7 0.000000
367 0.000001
193 0.000001
107 0.000001
173 0.000000
137 0.000001
37 0.000001
271 0.000001
293 0.000001
139 0.000000
47 0.000000
83 0.000001
89 0.000001
13 0.000001
397 0.000001
41 0.000001
277 0.000001
389 0.000002
109 0.000001
313 0.000001
199 0.000001
73 0.000001
463 0.000001
101 0.000001
373 0.000001
347 0.000001
401 0.000001
439 0.000001
263 0.000001
331 0.000002
431 0.000002
103 0.000001
353 0.000001
409 0.000001
251 0.000001
479 0.000001
419 0.000001
257 0.000001
181 0.000001
61 0.000000
149 0.000000
509 0.000002
421 0.000002
241 0.000001
127 0.000000
197 0.000001
113 0.000001
5 0.000000
283 0.000001
523 0.000001
383 0.000001
71 0.000001
23 0.000001
223 0.000001
503 0.000001
97 0.000001
269 0.000001
311 0.000001
59 0.000001
19 0.000000
11 0.000000
2 0.000000
281 0.000001
457 0.000002
229 0.000001
349 0.000001
157 0.000001
443 0.000002
461 0.000002
521 0.000002
31 0.000000
163 0.000001
541 0.000001
337 0.000002
151 0.000000
67 0.000000
233 0.000001
211 0.000001
467 0.000001
239 0.000001
53 0.000001
191 0.000001
499 0.000002
1215752195 2.559319
433 0.000001
449 0.000001
131 0.000001
17 0.000001
491 0.000001
317 0.000001
3 0.000001
487 0.000001
43 0.000000
79 0.000001
307 0.000001
167 0.000001
359 0.000001
29 0.000001
379 0.000001
227 0.000001
179 0.000001
7 0.000000
367 0.000001
193 0.000001
107 0.000000
173 0.000001
137 0.000001
37 0.000001
271 0.000001
293 0.000001
139 0.000000
47 0.000000
83 0.000001
89 0.000000
13 0.000000
397 0.000001
41 0.000000
277 0.000001
389 0.000001
109 0.000001
313 0.000001
199 0.000001
73 0.000001
463 0.000001
101 0.000000
373 0.000001
347 0.000001
401 0.000001
439 0.000002
263 0.000001
331 0.000001
431 0.000001
103 0.000001
353 0.000001
409 0.000002
251 0.000001
479 0.000002
419 0.000001
257 0.000001
181 0.000001
61 0.000000
149 0.000000
509 0.000001
421 0.000001
241 0.000000
127 0.000000
197 0.000001
113 0.000001
5 0.000001
283 0.000001
523 0.000002
383 0.000002
71 0.000000
23 0.000001
223 0.000001
503 0.000002
97 0.000001
269 0.000001
311 0.000001
59 0.000001
19 0.000001
11 0.000000
2 0.000000
281 0.000001
457 0.000002
229 0.000001
349 0.000001
157 0.000001
443 0.000002
461 0.000002
521 0.000002
31 0.000001
163 0.000001
541 0.000002
337 0.000001
151 0.000001
67 0.000000
233 0.000001
211 0.000000
467 0.000002
239 0.000001
53 0.000001
191 0.000001
1215752195 2.625581
433 0.000001
449 0.000002
131 0.000001
17 0.000000
491 0.000001
317 0.000001
3 0.000001
487 0.000001
43 0.000000
79 0.000000
307 0.000001
167 0.000001
359 0.000001
29 0.000001
379 0.000001
227 0.000001
179 0.000000
7 0.000001
367 0.000002
193 0.000001
107 0.000001
173 0.000001
137 0.000001
37 0.000001
271 0.000001
293 0.000001
139 0.000000
47 0.000001
83 0.000001
89 0.000001
13 0.000000
397 0.000002
41 0.000001
277 0.000001
389 0.000001
109 0.000001
313 0.000001
199 0.000001
73 0.000001
463 0.000001
101 0.000001
373 0.000001
347 0.000001
401 0.000002
439 0.000001
263 0.000001
331 0.000001
431 0.000001
103 0.000001
353 0.000002
409 0.000001
251 0.000001
479 0.000001
419 0.000002
257 0.000001
181 0.000001
61 0.000000
149 0.000001
509 0.000002
421 0.000002
241 0.000001
127 0.000001
197 0.000001
113 0.000001
5 0.000001
283 0.000002
523 0.000002
383 0.000003
71 0.000001
23 0.000001
223 0.000001
503 0.000001
97 0.000001
269 0.000001
311 0.000001
59 0.000000
19 0.000000
11 0.000001
2 0.000001
281 0.000001
457 0.000002
229 0.000001
349 0.000001
157 0.000001
443 0.000001
461 0.000002
521 0.000002
31 0.000000
163 0.000001
541 0.000002
337 0.000002
151 0.000001
67 0.000000
233 0.000001
211 0.000001
467 0.000001
239 0.000001
53 0.000001
191 0.000001
