433 0.000001
449 0.000001
131 0.000001
17 0.000001
491 0.000001
317 0.000001
3 0.000001
487 0.000001
43 0.000001
79 0.000001
307 0.000000
167 0.000000
359 0.000000
29 0.000000
379 0.000000
227 0.000001
179 0.000001
7 0.000001
367 0.000001
193 0.000001
107 0.000001
173 0.000001
137 0.000000
37 0.000000
271 0.000001
293 0.000001
139 0.000001
47 0.000000
83 0.000000
89 0.000001
13 0.000000
397 0.000000
41 0.000001
277 0.000000
389 0.000000
109 0.000000
313 0.000001
199 0.000001
73 0.000000
463 0.000000
101 0.000001
373 0.000001
347 0.000000
401 0.000001
439 0.000001
263 0.000001
331 0.000000
431 0.000000
103 0.000000
353 0.000001
409 0.000000
251 0.000000
479 0.000001
419 0.000001
257 0.000000
181 0.000001
61 0.000001
149 0.000000
509 0.000001
421 0.000001
241 0.000001
127 0.000001
197 0.000001
113 0.000001
5 0.000000
283 0.000000
523 0.000001
383 0.000001
71 0.000000
23 0.000000
223 0.000000
503 0.000000
97 0.000001
269 0.000001
311 0.000001
59 0.000000
19 0.000001
11 0.000000
2 0.000000
281 0.000000
457 0.000001
229 0.000001
349 0.000001
157 0.000000
443 0.000000
461 0.000001
521 0.000001
31 0.000001
163 0.000000
541 0.000001
337 0.000000
151 0.000001
67 0.000001
233 0.000001
211 0.000000
467 0.000001
239 0.000001
53 0.000000
191 0.000000
499 0.000000
433 0.000001
449 0.000003
131 0.000000
17 0.000001
491 0.000000
317 0.000000
3 0.000001
487 0.000000
43 0.000000
79 0.000000
307 0.000001
167 0.000000
359 0.000001
29 0.000000
379 0.000000
227 0.000001
179 0.000000
7 0.000001
367 0.000001
193 0.000000
107 0.000000
173 0.000001
137 0.000001
37 0.000000
271 0.000001
293 0.000000
139 0.000000
47 0.000001
83 0.000000
89 0.000001
13 0.000000
397 0.000000
41 0.000001
277 0.000000
389 0.000000
109 0.000001
313 0.000001
199 0.000001
73 0.000001
463 0.000000
101 0.000001
373 0.000000
347 0.000001
401 0.000000
439 0.000001
263 0.000001
331 0.000001
431 0.000000
103 0.000000
353 0.000001
409 0.000001
251 0.000000
479 0.000001
419 0.000000
257 0.000000
181 0.000001
61 0.000001
149 0.000000
509 0.000001
421 0.000001
241 0.000001
127 0.000000
197 0.000000
113 0.000001
5 0.000000
283 0.000001
523 0.000001
383 0.000000
71 0.000000
23 0.000000
223 0.000000
503 0.000001
97 0.000001
269 0.000000
311 0.000001
59 0.000001
19 0.000001
11 0.000000
2 0.000000
281 0.000001
457 0.000001
229 0.000000
349 0.000001
157 0.000001
443 0.000000
461 0.000000
521 0.000000
31 0.000000
163 0.000000
541 0.000001
337 0.000001
151 0.000001
67 0.000001
233 0.000000
211 0.000000
467 0.000000
239 0.000000
53 0.000000
191 0.000001
499 0.000001
1215752195 0.000174
433 0.000000
449 0.000001
131 0.000001
17 0.000001
491 0.000000
317 0.000001
3 0.000000
487 0.000000
43 0.000000
79 0.000001
307 0.000000
167 0.000001
359 0.000001
29 0.000000
379 0.000001
227 0.000001
179 0.000000
7 0.000001
367 0.000001
193 0.000001
107 0.000000
173 0.000000
137 0.000000
37 0.000000
271 0.000001
293 0.000000
139 0.000001
47 0.000000
83 0.000000
89 0.000001
13 0.000001
397 0.000000
41 0.000001
277 0.000000
389 0.000001
109 0.000000
313 0.000001
199 0.000001
73 0.000000
463 0.000000
101 0.000000
373 0.000000
347 0.000001
401 0.000001
439 0.000000
263 0.000000
331 0.000000
431 0.000001
103 0.000000
353 0.000000
409 0.000000
251 0.000001
479 0.000001
419 0.000000
257 0.000001
181 0.000000
61 0.000000
149 0.000001
509 0.000001
421 0.000000
241 0.000000
127 0.000000
197 0.000001
113 0.000000
5 0.000000
283 0.000001
523 0.000000
383 0.000001
71 0.000001
23 0.000000
223 0.000000
503 0.000000
97 0.000000
269 0.000000
311 0.000000
59 0.000000
19 0.000001
11 0.000000
2 0.000000
281 0.000000
457 0.000000
229 0.000001
349 0.000001
157 0.000000
443 0.000001
461 0.000000
521 0.000000
31 0.000001
163 0.000000
541 0.000000
337 0.000001
151 0.000000
67 0.000001
233 0.000000
211 0.000001
467 0.000000
239 0.000000
53 0.000001
191 0.000001
1215752195 0.000150
433 0.000001
449 0.000001
131 0.000001
17 0.000000
491 0.000001
317 0.000001
3 0.000001
487 0.000000
43 0.000000
79 0.000000
307 0.000000
167 0.000001
359 0.000000
29 0.000001
379 0.000000
227 0.000000
179 0.000000
7 0.000000
367 0.000000
193 0.000000
107 0.000000
173 0.000001
137 0.000001
37 0.000000
271 0.000001
293 0.000001
139 0.000000
47 0.000000
83 0.000000
89 0.000000
13 0.000000
397 0.000000
41 0.000001
277 0.000000
389 0.000001
109 0.000000
313 0.000001
199 0.000001
73 0.000000
463 0.000000
101 0.000001
373 0.000000
347 0.000000
401 0.000001
439 0.000001
263 0.000001
331 0.000000
431 0.000001
103 0.000000
353 0.000001
409 0.000000
251 0.000001
479 0.000000
419 0.000000
257 0.000000
181 0.000000
61 0.000001
149 0.000001
509 0.000000
421 0.000000
241 0.000001
127 0.000001
197 0.000001
113 0.000000
5 0.000000
283 0.000000
523 0.000000
383 0.000001
71 0.000001
23 0.000000
223 0.000000
503 0.000001
97 0.000000
269 0.000000
311 0.000001
59 0.000001
19 0.000001
11 0.000001
2 0.000001
281 0.000001
457 0.000001
229 0.000000
349 0.000001
157 0.000000
443 0.000000
461 0.000001
521 0.000001
31 0.000000
163 0.000001
541 0.000001
337 0.000001
151 0.000001
67 0.000001
233 0.000001
211 0.000000
467 0.000001
239 0.000001
53 0.000000
191 0.000001
