4091 0.000020
4133 0.000020
2467 0.000012
2591 0.000013
1733 0.000009
4409 0.000021
4729 0.000021
7001 0.000033
577 0.000003
1307 0.000007
5563 0.000026
83 0.000000
1987 0.000009
1801 0.000009
1867 0.000009
7211 0.000034
911 0.000004
173 0.000001
4547 0.000022
193 0.000002
3067 0.000014
6143 0.000029
113 0.000001
541 0.000003
11 0.000001
19 0.000000
3413 0.000017
2339 0.000012
2333 0.000011
461 0.000002
101 0.000000
6619 0.000032
7537 0.000036
2161 0.000010
331 0.000002
7589 0.000036
23 0.000001
1451 0.000007
1361 0.000006
5441 0.000026
1459 0.000008
5231 0.000025
2741 0.000013
761 0.000004
3583 0.000017
4561 0.000021
1409 0.000007
5081 0.000025
5347 0.000026
2087 0.000011
1297 0.000006
1103 0.000005
881 0.000004
2683 0.000014
1979 0.000009
1847 0.000009
6547 0.000031
2131 0.000010
7207 0.000036
5059 0.000033
2593 0.000013
3469 0.000016
991 0.000005
1579 0.000008
6473 0.000031
2351 0.000012
1163 0.000006
5683 0.000026
4261 0.000019
1567 0.000008
677 0.000004
1039 0.000005
727 0.000003
3049 0.000014
4201 0.000019
3511 0.000016
1429 0.000007
2459 0.000012
6659 0.000031
7333 0.000034
419 0.000002
4211 0.000020
3121 0.000017
937 0.000005
5449 0.000028
2791 0.000014
6211 0.000031
4817 0.000025
1009 0.000006
2707 0.000014
1931 0.000010
1487 0.000008
1481 0.000008
137 0.000001
6277 0.000032
1181 0.000006
821 0.000005
6529 0.000033
3803 0.000019
6709 0.000035
281 0.000001
2767 0.000013
3089 0.000016
5807 0.000030
1999 0.000011
4093 0.000021
4451 0.000023
1249 0.000006
7019 0.000037
7039 0.000042
709 0.000004
5153 0.000026
4759 0.000024
7159 0.000035
5653 0.000029
3697 0.000019
6269 0.000030
2411 0.000012
3329 0.000016
1091 0.000006
4783 0.000024
3557 0.000018
5737 0.000029
5479 0.000027
4787 0.000024
853 0.000005
3631 0.000019
6971 0.000034
7523 0.000037
6011 0.000030
997 0.000005
4793 0.000024
3911 0.000019
2063 0.000010
1933 0.000010
3617 0.000018
6323 0.000031
4463 0.000028
2341 0.000013
3769 0.000019
4591 0.000023
1873 0.000010
1789 0.000009
2297 0.000012
2687 0.000014
4127 0.000021
227 0.000002
5689 0.000028
2053 0.000010
4643 0.000024
463 0.000003
383 0.000002
7717 0.000040
3169 0.000016
5417 0.000028
7883 0.000040
2113 0.000010
3709 0.000019
59 0.000001
7027 0.000035
3733 0.000018
3301 0.000017
211 0.000002
1097 0.000006
1823 0.000009
1621 0.000008
7219 0.000036
4721 0.000024
2887 0.000014
163 0.000001
7591 0.000751
5521 0.000027
7253 0.000038
499 0.000003
277 0.000002
3967 0.000020
2579 0.000013
2609 0.000013
7669 0.000038
271 0.000002
6833 0.000034
6007 0.000029
7309 0.000036
6673 0.000033
6793 0.000034
2857 0.000017
1213 0.000006
7723 0.000039
2267 0.000011
4423 0.000023
2797 0.000016
5867 0.000032
6247 0.000031
4987 0.000024
7549 0.000039
6803 0.000034
1303 0.000007
1289 0.000009
7873 0.000041
3923 0.000020
7243 0.000037
5107 0.000026
1913 0.000010
739 0.000004
2543 0.000013
643 0.000003
1367 0.000007
4007 0.000021
3041 0.000016
1669 0.000008
1321 0.000006
6199 0.000030
773 0.000004
3187 0.000016
919 0.000005
2521 0.000013
2251 0.000011
7 0.000001
1399 0.000007
4271 0.000022
3119 0.000018
31 0.000001
1607 0.000009
5693 0.000029
5573 0.000029
6397 0.000033
4789 0.000025
4391 0.000023
467 0.000003
587 0.000003
7369 0.000037
2027 0.000010
1223 0.000006
3533 0.000017
4969 0.000025
3433 0.000017
4073 0.000021
3323 0.000017
2621 0.000014
4919 0.000025
7193 0.000036
2129 0.000011
839 0.000004
1721 0.000009
827 0.000004
3989 0.000020
4651 0.000023
1201 0.000006
2029 0.000010
631 0.000003
4691 0.000024
6569 0.000033
4621 0.000023
4297 0.000022
2777 0.000014
1783 0.000009
4733 0.000024
5527 0.000029
6977 0.000034
1889 0.000010
5 0.000000
2731 0.000014
5209 0.000027
107 0.000001
2663 0.000014
4231 0.000031
6829 0.000033
1319 0.000006
179 0.000001
131 0.000001
4943 0.000025
3313 0.000017
5273 0.000027
1753 0.000009
3191 0.000017
523 0.000004
1583 0.000008
811 0.000005
547 0.000003
1973 0.000010
7331 0.000041
1277 0.000007
7853 0.000040
6961 0.000035
3271 0.000016
229 0.000002
3593 0.000018
563 0.000003
7561 0.000038
4951 0.000026
3011 0.000015
4519 0.000022
3673 0.000018
2557 0.000012
4441 0.000021
2953 0.000015
103 0.000001
479 0.000003
3457 0.000018
6719 0.000034
5021 0.000026
619 0.000004
6763 0.000034
1879 0.000010
2311 0.000012
3547 0.000018
1013 0.000006
6203 0.000031
1811 0.000010
6113 0.000031
6373 0.000033
2237 0.000012
3083 0.000016
2971 0.000016
1051 0.000006
1877 0.000017
1861 0.000009
823 0.000005
199 0.000001
521 0.000003
317 0.000002
43 0.000001
6037 0.000032
6101 0.000031
3571 0.000018
6949 0.000035
7673 0.000039
2377 0.000012
1871 0.000010
127 0.000001
2657 0.000013
6947 0.000035
5119 0.000026
4289 0.000022
7013 0.000035
5297 0.000027
7681 0.000050
809 0.000007
17 0.000001
2099 0.000015
457 0.000002
1447 0.000007
4909 0.000024
3 0.000001
2287 0.000012
7547 0.000057
751 0.000004
5011 0.000026
2281 0.000012
5669 0.000027
6491 0.000033
7481 0.000038
7411 0.000038
5233 0.000027
1997 0.000011
647 0.000003
4603 0.000023
3019 0.000015
443 0.000002
2753 0.000014
5897 0.000030
401 0.000003
4799 0.000025
691 0.000004
1693 0.000009
5323 0.000027
3851 0.000020
2819 0.000014
6781 0.000035
5189 0.000026
3517 0.000018
1483 0.002408
41 0.000001
4649 0.000023
5413 0.000027
4157 0.000020
5501 0.000026
4363 0.000021
5639 0.000027
1093 0.000006
7127 0.000034
6991 0.000034
5431 0.000037
7643 0.000038
7487 0.000038
5717 0.000028
2917 0.000016
7793 0.000039
3527 0.000018
0 0.000001
3671 0.000019
5657 0.000029
181 0.000001
661 0.000003
5099 0.000026
3037 0.000016
3907 0.000020
4129 0.000021
6607 0.000034
37 0.000001
1171 0.000006
1619 0.000009
907 0.000007
367 0.000002
5903 0.000030
5791 0.000029
251 0.000002
1901 0.000010
1657 0.000008
2939 0.000015
2243 0.000035
2659 0.000013
6067 0.000031
5309 0.000027
5171 0.000026
5701 0.000029
1663 0.000010
3581 0.000019
4517 0.000023
5813 0.000031
1831 0.000010
1597 0.000009
3299 0.000018
1193 0.000007
5881 0.000030
5351 0.000027
2347 0.000012
4967 0.000025
1063 0.000006
4001 0.000021
4217 0.000023
3637 0.000018
7459 0.000038
89 0.000000
2437 0.000013
151 0.000002
857 0.000004
6449 0.000033
373 0.000002
2357 0.000012
6637 0.000033
4639 0.000023
1523 0.000008
5147 0.000026
4931 0.000025
6917 0.000035
3659 0.000019
1217 0.000007
5051 0.000026
3391 0.000018
4483 0.000023
7621 0.000038
1373 0.000007
5849 0.000029
1259 0.000007
4751 0.000023
4567 0.000023
1471 0.000008
3373 0.000018
3491 0.000018
5569 0.000028
4099 0.000020
3643 0.000019
4583 0.000023
359 0.000002
4049 0.000021
571 0.000003
1951 0.000011
6563 0.000033
4447 0.000023
2897 0.000014
3463 0.000020
6883 0.000033
3701 0.000018
7457 0.000036
5981 0.000030
6263 0.000030
353 0.000002
97 0.000001
983 0.000005
1601 0.000008
3449 0.000017
617 0.000004
757 0.000004
5743 0.000029
4723 0.000023
53 0.000001
5869 0.000028
2927 0.000014
6379 0.000032
6317 0.000031
2689 0.000022
5857 0.000029
887 0.000004
5827 0.000028
4973 0.000025
2269 0.000011
2423 0.000012
7451 0.000037
4027 0.000020
7867 0.000607
2381 0.000024
941 0.000005
3167 0.000017
2713 0.000014
569 0.000003
3739 0.000019
2371 0.000011
6983 0.000035
6551 0.000033
2111 0.000011
701 0.000003
2699 0.000014
2693 0.000014
2671 0.000013
6053 0.000030
3847 0.000020
439 0.000003
4889 0.000024
3539 0.000017
4159 0.000021
4657 0.000023
5077 0.000025
7499 0.000037
6221 0.000031
4241 0.000021
3863 0.000019
5623 0.000028
6857 0.000039
4111 0.000020
7247 0.000036
7823 0.000038
2083 0.000011
2861 0.000014
3833 0.000018
7703 0.000038
1033 0.000005
6691 0.000032
3217 0.000016
5591 0.000027
2309 0.000012
7109 0.000035
2293 0.000012
4327 0.000021
3023 0.000015
6679 0.000033
6229 0.000030
1123 0.000006
3929 0.000020
5113 0.000025
953 0.000006
5939 0.000030
6689 0.000033
3371 0.000017
29 0.000001
743 0.000004
67 0.000001
5651 0.000027
2903 0.000015
5531 0.000027
4831 0.000023
7489 0.000036
787 0.000004
769 0.000005
593 0.000003
3877 0.000022
6733 0.000033
2549 0.000013
2711 0.000013
5387 0.000027
6427 0.000031
2851 0.000022
1381 0.000007
5039 0.000025
157 0.000001
1283 0.000006
4283 0.000021
389 0.000002
967 0.000005
7177 0.000036
1 0.000001
6841 0.000035
5003 0.000026
337 0.000002
5419 0.000027
2999 0.000015
6073 0.000030
6121 0.000030
3607 0.000018
3061 0.000015
7351 0.000037
2207 0.000012
3767 0.000019
6869 0.000035
6257 0.000031
6047 0.000030
2069 0.000011
2969 0.000015
5801 0.000032
5879 0.000030
6653 0.000033
7187 0.000036
5381 0.000028
1747 0.000009
4663 0.000023
5167 0.000026
2801 0.000014
5443 0.000027
6163 0.000031
5179 0.000025
5821 0.000029
7433 0.000036
7583 0.000037
2441 0.000012
7229 0.000036
4153 0.000020
4421 0.000022
3109 0.000015
2719 0.000014
6421 0.000032
7577 0.000037
4813 0.000024
3137 0.000015
449 0.000003
4993 0.000025
409 0.000002
7321 0.000036
877 0.000005
4673 0.000028
3947 0.000021
6043 0.000030
7759 0.000039
1907 0.000010
6571 0.000033
1543 0.000008
5009 0.000026
139 0.000001
6451 0.000034
6737 0.000037
6599 0.000044
1327 0.000007
1993 0.000011
2647 0.000013
6343 0.000033
7603 0.000039
6287 0.000032
557 0.000003
1291 0.000007
1279 0.000007
1453 0.000008
47 0.000001
5749 0.000029
149 0.000001
2 0.000000
3259 0.000017
3727 0.000019
2833 0.000015
4703 0.000023
2789 0.000014
7237 0.000037
3931 0.000021
1723 0.000009
2399 0.000013
1489 0.000008
1301 0.000007
7417 0.000038
2837 0.000015
7517 0.000040
6469 0.000033
7789 0.000052
6337 0.000032
6361 0.000033
6907 0.000036
1237 0.000007
4057 0.000020
4259 0.000022
4507 0.000023
5407 0.000027
3331 0.000017
7559 0.000039
2477 0.000013
977 0.000006
5437 0.000028
5227 0.000026
2729 0.000015
2017 0.000011
599 0.000004
6871 0.000035
971 0.000005
1667 0.000009
2963 0.000015
6661 0.000033
2447 0.000013
2617 0.000013
5197 0.000027
7639 0.000039
6761 0.000035
6553 0.000033
673 0.000004
7649 0.000038
1031 0.000006
5393 0.000027
6823 0.000035
4349 0.000022
6301 0.000032
2153 0.000011
6133 0.000030
5659 0.000028
1553 0.000008
431 0.000002
2003 0.000011
1231 0.000006
5861 0.000030
1741 0.000009
3719 0.000019
3467 0.000017
7121 0.000036
1129 0.000017
5503 0.000027
6197 0.000031
4877 0.000025
2137 0.000011
307 0.000002
5711 0.000029
4937 0.000024
239 0.000002
7829 0.000040
109 0.000001
601 0.000003
1087 0.000006
6091 0.000030
947 0.000005
1019 0.000006
7103 0.000035
797 0.000004
5333 0.000027
6701 0.000034
1511 0.000008
487 0.000003
641 0.000003
6089 0.000031
269 0.000002
5581 0.000028
5471 0.000028
3823 0.000019
613 0.000003
3889 0.000020
7817 0.000039
5483 0.000027
3559 0.000018
2909 0.000015
2539 0.000013
6029 0.000030
3853 0.000020
1493 0.000008
5279 0.000026
6863 0.000034
6791 0.000033
1777 0.000009
4357 0.000022
2551 0.000013
7069 0.000035
6577 0.000032
1061 0.000006
1153 0.000007
311 0.000002
5647 0.000029
7283 0.000036
4021 0.000020
1709 0.000008
421 0.000002
3221 0.000016
4243 0.000022
5839 0.000030
4679 0.000024
929 0.000005
883 0.000005
6703 0.000033
3881 0.000019
1559 0.000008
2213 0.000011
1439 0.000007
5507 0.000027
1637 0.000008
2473 0.000012
1151 0.000006
5557 0.000028
379 0.000003
3691 0.000018
2011 0.000010
7741 0.000039
7901 0.000047
7573 0.000038
3677 0.000019
4003 0.000020
5987 0.000030
5281 0.000027
3943 0.000020
433 0.000003
7529 0.000038
7307 0.000037
7753 0.000039
3917 0.000021
1427 0.000007
3257 0.000017
6827 0.000035
733 0.000004
4903 0.000025
397 0.000003
3359 0.000018
1229 0.000015
1069 0.000006
2143 0.000011
7727 0.000038
2633 0.000014
61 0.000001
2141 0.000011
6299 0.000031
5927 0.000031
1949 0.000010
4549 0.000022
191 0.000001
1697 0.000009
241 0.000001
2383 0.000012
2749 0.000014
3343 0.000017
257 0.000002
223 0.000001
509 0.000003
6311 0.000032
1549 0.000008
7057 0.000036
2957 0.000015
3251 0.000016
1609 0.000009
6779 0.000036
6173 0.000030
3001 0.000016
6581 0.000033
2089 0.000011
5923 0.000030
3541 0.000019
4373 0.000023
7607 0.000039
5741 0.000029
3499 0.000019
4273 0.000022
4523 0.000024
1049 0.000005
7129 0.000036
2203 0.000011
349 0.000002
6271 0.000032
3209 0.000017
4999 0.000026
7349 0.000038
5519 0.000029
79 0.000001
6131 0.000033
2081 0.000011
7687 0.000039
829 0.000004
3319 0.000018
7297 0.000038
659 0.000004
6329 0.000033
3797 0.000020
6521 0.000033
2531 0.000013
7507 0.000046
4139 0.000021
503 0.000003
4861 0.000025
71 0.000001
4253 0.000021
4933 0.000025
7841 0.000040
2677 0.000013
1787 0.000010
6151 0.000031
7151 0.000037
2221 0.000012
5303 0.000029
5237 0.000030
3529 0.000020
1699 0.000009
3307 0.000017
5779 0.000030
1433 0.000008
2273 0.000012
6359 0.000031
3779 0.000019
3821 0.000019
7879 0.000038
313 0.000002
3163 0.000016
4051 0.000021
863 0.000005
491 0.000003
3761 0.000020
5477 0.000028
4337 0.000023
6997 0.000037
1117 0.000005
607 0.000003
7757 0.000039
7541 0.000044
5261 0.000030
5399 0.000030
4019 0.000023
1571 0.000009
4229 0.000023
7043 0.000040
7079 0.000039
4079 0.000023
2417 0.000014
4457 0.000034
7393 0.000041
653 0.000004
2179 0.000013
3623 0.000021
3079 0.000017
719 0.000004
6217 0.000035
4637 0.000026
1627 0.000009
683 0.000005
3347 0.000019
4957 0.000028
5101 0.000029
4493 0.000026
5843 0.000033
1021 0.000006
859 0.000005
4219 0.000024
3229 0.000018
6389 0.000036
5783 0.000032
3253 0.000018
3919 0.000022
6079 0.000039
197 0.000002
5851 0.000033
283 0.000002
7877 0.000043
5087 0.000029
293 0.000002
13 0.000001
2803 0.000016
167 0.000001
7213 0.000040
6911 0.000038
3793 0.000022
4177 0.000024
6899 0.000037
347 0.000002
1499 0.000009
4513 0.000025
6481 0.000036
7477 0.000041
6353 0.000036
6967 0.000038
233 0.000002
263 0.000002
1423 0.000008
4397 0.000024
3361 0.000019
2843 0.000024
7699 0.000044
1109 0.000007
3461 0.000020
3181 0.000019
4339 0.000025
2039 0.000012
4481 0.000026
6959 0.000039
2389 0.000013
4013 0.000023
2393 0.000016
2239 0.000013
6367 0.000036
4597 0.000026
1187 0.000007
3407 0.000019
5641 0.000032
73 0.000001
5023 0.000028
2879 0.000016
3389 0.000019
7691 0.000042
3613 0.000021
1613 0.000009
4801 0.000027
4871 0.000027
1759 0.000011
2503 0.000014
3203 0.000017
1531 0.000009
5953 0.000033
4091 0.000020
4133 0.000024
2467 0.000012
2591 0.000013
1733 0.000009
4409 0.000022
4729 0.000023
7001 0.000034
577 0.000003
1307 0.000007
5563 0.000027
83 0.000001
1987 0.000010
1801 0.000017
1867 0.000010
7211 0.000034
911 0.000005
173 0.000001
4547 0.000022
193 0.000001
3067 0.000015
6143 0.000029
113 0.000001
541 0.000003
11 0.000001
19 0.000001
3413 0.000017
2339 0.000011
2333 0.000016
461 0.000003
101 0.000001
6619 0.000087
7537 0.000037
2161 0.000011
331 0.000002
7589 0.000037
23 0.000001
1451 0.000007
1361 0.000007
5441 0.000026
1459 0.000007
5231 0.000025
2741 0.000013
761 0.000004
3583 0.000017
4561 0.000021
1409 0.000008
5081 0.000025
5347 0.000026
2087 0.000010
1297 0.000006
1103 0.000006
881 0.000004
2683 0.000013
1979 0.000010
1847 0.000009
6547 0.000031
2131 0.000011
7207 0.000034
5059 0.000024
2593 0.000013
3469 0.000017
991 0.000006
1579 0.000008
6473 0.000032
2351 0.000012
1163 0.000006
5683 0.000028
4261 0.000020
1567 0.000008
677 0.000004
1039 0.000006
727 0.000004
3049 0.000014
4201 0.000020
3511 0.000017
1429 0.000007
2459 0.000012
6659 0.000032
7333 0.000035
419 0.000002
4211 0.000020
3121 0.000016
937 0.000005
5449 0.000026
2791 0.000013
6211 0.000030
4817 0.000023
1009 0.000005
2707 0.000013
1931 0.000010
1487 0.000007
1481 0.000007
137 0.000001
6277 0.000030
1181 0.000006
821 0.000005
6529 0.000032
3803 0.000018
6709 0.000032
281 0.000002
2767 0.000014
3089 0.000015
5807 0.000028
1999 0.000010
4093 0.000020
4451 0.000021
1249 0.000007
7019 0.000034
7039 0.000033
709 0.000004
5153 0.000025
4759 0.000030
7159 0.000034
5653 0.000027
3697 0.000017
6269 0.000030
2411 0.000012
3329 0.000016
1091 0.000006
4783 0.000023
3557 0.000017
5737 0.000028
5479 0.000046
4787 0.000023
853 0.000005
3631 0.000016
6971 0.000030
7523 0.000033
6011 0.000029
997 0.000005
4793 0.000023
3911 0.000019
2063 0.000010
1933 0.000010
3617 0.000017
6323 0.000070
4463 0.000022
2341 0.000012
3769 0.000018
4591 0.000022
1873 0.000010
1789 0.000009
2297 0.000011
2687 0.000013
4127 0.000020
227 0.000001
5689 0.000027
2053 0.000010
4643 0.000023
463 0.000002
383 0.000003
7717 0.000038
3169 0.000016
5417 0.000026
7883 0.000037
2113 0.000016
3709 0.000018
59 0.000001
7027 0.000033
3733 0.000018
3301 0.000016
211 0.000001
1097 0.000006
1823 0.000009
1621 0.000009
7219 0.000035
4721 0.000023
2887 0.000014
163 0.000001
7591 0.000036
5521 0.000027
7253 0.000035
499 0.000003
277 0.000002
3967 0.000020
2579 0.000012
2609 0.000013
7669 0.000037
271 0.000001
6833 0.000033
6007 0.000037
7309 0.000035
6673 0.000032
6793 0.000033
2857 0.000014
1213 0.000006
7723 0.000037
2267 0.000011
4423 0.000021
2797 0.000014
5867 0.000028
6247 0.000030
4987 0.000024
7549 0.000036
6803 0.000040
1303 0.000007
1289 0.000006
7873 0.000038
3923 0.000020
7243 0.000034
5107 0.000036
1913 0.000010
739 0.000004
2543 0.000012
643 0.000003
1367 0.000006
4007 0.000018
3041 0.000014
1669 0.000008
1321 0.000007
6199 0.000029
773 0.000004
3187 0.000015
919 0.000004
2521 0.000012
2251 0.000010
7 0.000000
1399 0.000006
4271 0.000021
3119 0.000015
31 0.000000
1607 0.000008
5693 0.000026
5573 0.000025
6397 0.000030
4789 0.000022
4391 0.000020
467 0.000003
587 0.000003
7369 0.000034
2027 0.000010
1223 0.000006
3533 0.000016
4969 0.000023
3433 0.000015
4073 0.000019
3323 0.000016
2621 0.000012
4919 0.000023
7193 0.000033
2129 0.000010
839 0.000004
1721 0.000009
827 0.000004
3989 0.000018
4651 0.000021
1201 0.000006
2029 0.000009
631 0.000004
4691 0.000021
6569 0.000035
4621 0.000021
4297 0.000020
2777 0.000013
1783 0.000009
4733 0.000021
5527 0.000026
6977 0.000037
1889 0.000009
5 0.000000
2731 0.000012
5209 0.000024
107 0.000001
2663 0.000012
4231 0.000019
6829 0.000031
1319 0.000007
179 0.000001
131 0.000001
4943 0.000023
3313 0.000016
5273 0.000025
1753 0.000008
3191 0.000015
523 0.000003
1583 0.000008
811 0.000004
547 0.000003
1973 0.000010
7331 0.000034
1277 0.000007
7853 0.000036
6961 0.000032
3271 0.000016
229 0.000001
3593 0.000017
563 0.000003
7561 0.000035
4951 0.000023
3011 0.000014
4519 0.000021
3673 0.000017
2557 0.000012
4441 0.000020
2953 0.000014
103 0.000001
479 0.000002
3457 0.000016
6719 0.000030
5021 0.000023
619 0.000004
6763 0.000030
1879 0.000009
2311 0.000010
3547 0.000016
1013 0.000005
6203 0.000028
1811 0.000009
6113 0.000028
6373 0.000029
2237 0.000010
3083 0.000015
2971 0.000014
1051 0.000005
1877 0.000008
1861 0.000008
823 0.000004
199 0.000002
521 0.000003
317 0.000002
43 0.000001
6037 0.000027
6101 0.000029
3571 0.000016
6949 0.000032
7673 0.000035
2377 0.000011
1871 0.000009
127 0.000001
2657 0.000012
6947 0.000032
5119 0.000023
4289 0.000019
7013 0.000032
5297 0.000024
7681 0.000035
809 0.000004
17 0.000000
2099 0.000010
457 0.000002
1447 0.000007
4909 0.000023
3 0.000001
2287 0.000011
7547 0.000034
751 0.000004
5011 0.000024
2281 0.000011
5669 0.000027
6491 0.000030
7481 0.000035
7411 0.000035
5233 0.000025
1997 0.000009
647 0.000003
4603 0.000022
3019 0.000014
443 0.000002
2753 0.000012
5897 0.000027
401 0.000002
4799 0.000023
691 0.000004
1693 0.000008
5323 0.000025
3851 0.000018
2819 0.000013
6781 0.000033
5189 0.000025
3517 0.000017
1483 0.000008
41 0.000001
4649 0.000022
5413 0.000025
4157 0.000019
5501 0.000025
4363 0.000020
5639 0.000028
1093 0.000006
7127 0.000033
6991 0.000032
5431 0.000031
7643 0.000035
7487 0.000035
5717 0.000027
2917 0.000014
7793 0.000035
3527 0.000017
0 0.000001
3671 0.000017
5657 0.000026
181 0.000001
661 0.000003
5099 0.000024
3037 0.000014
3907 0.000018
4129 0.000019
6607 0.000030
37 0.000001
1171 0.000006
1619 0.000008
907 0.000004
367 0.000002
5903 0.000029
5791 0.000028
251 0.000002
1901 0.000009
1657 0.000008
2939 0.000014
2243 0.000012
2659 0.000012
6067 0.000029
5309 0.000026
5171 0.000025
5701 0.000027
1663 0.000008
3581 0.000023
4517 0.000023
5813 0.000027
1831 0.000009
1597 0.000008
3299 0.000016
1193 0.000006
5881 0.000029
5351 0.000026
2347 0.000012
4967 0.000025
1063 0.000005
4001 0.000020
4217 0.000021
3637 0.000018
7459 0.000036
89 0.000000
2437 0.000012
151 0.000001
857 0.000004
6449 0.000032
373 0.000002
2357 0.000012
6637 0.000032
4639 0.000023
1523 0.000007
5147 0.000025
4931 0.000024
6917 0.000034
3659 0.000017
1217 0.000006
5051 0.000025
3391 0.000017
4483 0.000023
7621 0.000037
1373 0.000007
5849 0.000028
1259 0.000006
4751 0.000023
4567 0.000022
1471 0.000008
3373 0.000016
3491 0.000016
5569 0.000027
4099 0.000019
3643 0.000017
4583 0.000022
359 0.000002
4049 0.000035
571 0.000003
1951 0.000009
6563 0.000032
4447 0.000021
2897 0.000014
3463 0.000017
6883 0.000033
3701 0.000018
7457 0.000035
5981 0.000029
6263 0.000030
353 0.000002
97 0.000001
983 0.000005
1601 0.000008
3449 0.000017
617 0.000003
757 0.000004
5743 0.000027
4723 0.000022
53 0.000000
5869 0.000028
2927 0.000014
6379 0.000031
6317 0.000031
2689 0.000013
5857 0.000028
887 0.000005
5827 0.000028
4973 0.000024
2269 0.000011
2423 0.000012
7451 0.000036
4027 0.000020
7867 0.000037
2381 0.000012
941 0.000005
3167 0.000015
2713 0.000013
569 0.000003
3739 0.000016
2371 0.000012
6983 0.000034
6551 0.000031
2111 0.000011
701 0.000004
2699 0.000013
2693 0.000013
2671 0.000013
6053 0.000029
3847 0.000018
439 0.000002
4889 0.000023
3539 0.000018
4159 0.000020
4657 0.000023
5077 0.000024
7499 0.000035
6221 0.000029
4241 0.000020
3863 0.000019
5623 0.000027
6857 0.000033
4111 0.000020
7247 0.000035
7823 0.000037
2083 0.000010
2861 0.000014
3833 0.000018
7703 0.000036
1033 0.000005
6691 0.000032
3217 0.000016
5591 0.000027
2309 0.000011
7109 0.000034
2293 0.000011
4327 0.000021
3023 0.000014
6679 0.000032
6229 0.000028
1123 0.000006
3929 0.000018
5113 0.000024
953 0.000005
5939 0.000028
6689 0.000031
3371 0.000016
29 0.000001
743 0.000004
67 0.000000
5651 0.000027
2903 0.000014
5531 0.000027
4831 0.000023
7489 0.000042
787 0.000004
769 0.000004
593 0.000003
3877 0.000019
6733 0.000033
2549 0.000013
2711 0.000014
5387 0.000026
6427 0.000031
2851 0.000014
1381 0.000007
5039 0.000024
157 0.000001
1283 0.000007
4283 0.000020
389 0.000002
967 0.000005
7177 0.000034
1 0.000000
6841 0.000032
5003 0.000024
337 0.000003
5419 0.000026
2999 0.000015
6073 0.000030
6121 0.000029
3607 0.000018
3061 0.000015
7351 0.000035
2207 0.000011
3767 0.000019
6869 0.000033
6257 0.000029
6047 0.000029
2069 0.000010
2969 0.000015
5801 0.000028
5879 0.000028
6653 0.000032
7187 0.000034
5381 0.000026
1747 0.000008
4663 0.000023
5167 0.000025
2801 0.000014
5443 0.000032
6163 0.000030
5179 0.000024
5821 0.000028
7433 0.000036
7583 0.000036
2441 0.000012
7229 0.000034
4153 0.000020
4421 0.000021
3109 0.000015
2719 0.000013
6421 0.000030
7577 0.000036
4813 0.000023
3137 0.000015
449 0.000002
4993 0.000024
409 0.000002
7321 0.000035
877 0.000005
4673 0.000022
3947 0.000019
6043 0.000029
7759 0.000037
1907 0.000010
6571 0.000031
1543 0.000007
5009 0.000024
139 0.000001
6451 0.000030
6737 0.000032
6599 0.000031
1327 0.000006
1993 0.000010
2647 0.000014
6343 0.000030
7603 0.000036
6287 0.000029
557 0.000004
1291 0.000007
1279 0.000006
1453 0.000007
47 0.000001
5749 0.000033
149 0.000001
2 0.000000
3259 0.000015
3727 0.000017
2833 0.000014
4703 0.000021
2789 0.000013
7237 0.000036
3931 0.000019
1723 0.000008
2399 0.000012
1489 0.000008
1301 0.000006
7417 0.000035
2837 0.000014
7517 0.000034
6469 0.000030
7789 0.000037
6337 0.000029
6361 0.000031
6907 0.000034
1237 0.000006
4057 0.000019
4259 0.000021
4507 0.000022
5407 0.000026
3331 0.000016
7559 0.000035
2477 0.000012
977 0.000005
5437 0.000027
5227 0.000025
2729 0.000013
2017 0.000010
599 0.000004
6871 0.000033
971 0.000005
1667 0.000009
2963 0.000014
6661 0.000032
2447 0.000012
2617 0.000013
5197 0.000025
7639 0.000036
6761 0.000031
6553 0.000032
673 0.000003
7649 0.000042
1031 0.000006
5393 0.000026
6823 0.000033
4349 0.000020
6301 0.000030
2153 0.000010
6133 0.000030
5659 0.000027
1553 0.000008
431 0.000002
2003 0.000010
1231 0.000006
5861 0.000028
1741 0.000009
3719 0.000018
3467 0.000017
7121 0.000033
1129 0.000005
5503 0.000026
6197 0.000029
4877 0.000023
2137 0.000012
307 0.000002
5711 0.000028
4937 0.000024
239 0.000001
7829 0.000037
109 0.000001
601 0.000003
1087 0.000006
6091 0.000030
947 0.000005
1019 0.000006
7103 0.000033
797 0.000004
5333 0.000026
6701 0.000033
1511 0.000008
487 0.000002
641 0.000004
6089 0.000029
269 0.000002
5581 0.000027
5471 0.000027
3823 0.000018
613 0.000003
3889 0.000018
7817 0.000043
5483 0.000024
3559 0.000018
2909 0.000014
2539 0.000013
6029 0.000027
3853 0.000017
1493 0.000006
5279 0.000023
6863 0.000028
6791 0.000031
1777 0.000008
4357 0.000019
2551 0.000011
7069 0.000031
6577 0.000029
1061 0.000005
1153 0.000005
311 0.000001
5647 0.000023
7283 0.000032
4021 0.000018
1709 0.000008
421 0.000001
3221 0.000014
4243 0.000019
5839 0.000025
4679 0.000022
929 0.000004
883 0.000004
6703 0.000029
3881 0.000015
1559 0.000006
2213 0.000009
1439 0.000006
5507 0.000031
1637 0.000008
2473 0.000012
1151 0.000006
5557 0.000026
379 0.000002
3691 0.000018
2011 0.000010
7741 0.000037
7901 0.000048
7573 0.000036
3677 0.000019
4003 0.000020
5987 0.000030
5281 0.000025
3943 0.000020
433 0.000003
7529 0.000036
7307 0.000035
7753 0.000035
3917 0.000018
1427 0.000007
3257 0.000016
6827 0.000038
733 0.000004
4903 0.000023
397 0.000002
3359 0.000016
1229 0.000006
1069 0.000005
2143 0.000011
7727 0.000035
2633 0.000013
61 0.000000
2141 0.000011
6299 0.000029
5927 0.000029
1949 0.000010
4549 0.000022
191 0.000001
1697 0.000008
241 0.000002
2383 0.000012
2749 0.000014
3343 0.000016
257 0.000002
223 0.000001
509 0.000003
6311 0.000031
1549 0.000008
7057 0.000033
2957 0.000014
3251 0.000036
1609 0.000008
6779 0.000032
6173 0.000029
3001 0.000014
6581 0.000032
2089 0.000010
5923 0.000028
3541 0.000017
4373 0.000021
7607 0.000036
5741 0.000027
3499 0.000016
4273 0.000022
4523 0.000021
1049 0.000006
7129 0.000034
2203 0.000011
349 0.000002
6271 0.000030
3209 0.000015
4999 0.000024
7349 0.000034
5519 0.000032
79 0.000001
6131 0.000029
2081 0.000009
7687 0.000035
829 0.000003
3319 0.000017
7297 0.000037
659 0.000004
6329 0.000032
3797 0.000019
6521 0.000033
2531 0.000013
7507 0.000038
4139 0.000021
503 0.000003
4861 0.000025
71 0.000001
4253 0.000023
4933 0.000025
7841 0.000040
2677 0.000014
1787 0.000009
6151 0.000038
7151 0.000037
2221 0.000011
5303 0.000027
5237 0.000027
3529 0.000018
1699 0.000009
3307 0.000016
5779 0.000028
1433 0.000007
2273 0.000011
6359 0.000030
3779 0.000019
3821 0.000019
7879 0.000038
313 0.000002
3163 0.000016
4051 0.000020
863 0.000005
491 0.000003
3761 0.000019
5477 0.000026
4337 0.000021
6997 0.000034
1117 0.000006
607 0.000003
7757 0.000078
7541 0.000036
5261 0.000025
5399 0.000026
4019 0.000019
1571 0.000008
4229 0.000020
7043 0.000034
7079 0.000033
4079 0.000020
2417 0.000012
4457 0.000022
7393 0.000036
653 0.000004
2179 0.000011
3623 0.000018
3079 0.000015
719 0.000004
6217 0.000029
4637 0.000023
1627 0.000008
683 0.000004
3347 0.000016
4957 0.000023
5101 0.000025
4493 0.000022
5843 0.000029
1021 0.000005
859 0.000005
4219 0.000021
3229 0.000016
6389 0.000030
5783 0.000028
3253 0.000016
3919 0.000019
6079 0.000029
197 0.000001
5851 0.000028
283 0.000002
7877 0.000038
5087 0.000024
293 0.000002
13 0.000000
2803 0.000019
167 0.000001
7213 0.000034
6911 0.000033
3793 0.000018
4177 0.000020
6899 0.000033
347 0.000002
1499 0.000008
4513 0.000021
6481 0.000031
7477 0.000035
6353 0.000030
6967 0.000033
233 0.000002
263 0.000002
1423 0.000007
4397 0.000021
3361 0.000016
2843 0.000014
7699 0.000036
1109 0.000005
3461 0.000016
3181 0.000015
4339 0.000027
2039 0.000010
4481 0.000022
6959 0.000033
2389 0.000012
4013 0.000019
2393 0.000012
2239 0.000010
6367 0.000031
4597 0.000022
1187 0.000006
3407 0.000017
5641 0.000027
73 0.000001
5023 0.000024
2879 0.000013
3389 0.000016
7691 0.000037
3613 0.000018
1613 0.000008
4801 0.000023
4871 0.000023
1759 0.000009
2503 0.000012
3203 0.000015
1531 0.000008
5953 0.000029
4091 0.000021
4133 0.000020
2467 0.000012
2591 0.000012
1733 0.000010
4409 0.000022
4729 0.000023
7001 0.000032
577 0.000003
1307 0.000007
5563 0.000025
83 0.000000
1987 0.000010
1801 0.000009
1867 0.000009
7211 0.000032
911 0.000005
173 0.000001
4547 0.000030
193 0.000002
3067 0.000014
6143 0.000029
113 0.000001
541 0.000003
11 0.000001
19 0.000001
3413 0.000016
2339 0.000011
2333 0.000011
461 0.000002
101 0.000001
6619 0.000031
7537 0.000036
2161 0.000011
331 0.000003
7589 0.000036
23 0.000000
1451 0.000006
1361 0.000007
5441 0.000026
1459 0.000008
5231 0.000025
2741 0.000014
761 0.000004
3583 0.000016
4561 0.000022
1409 0.000007
5081 0.000024
5347 0.000032
2087 0.000010
1297 0.000006
1103 0.000006
881 0.000004
2683 0.000013
1979 0.000010
1847 0.000009
6547 0.000028
2131 0.000010
7207 0.000032
5059 0.000022
2593 0.000011
3469 0.000017
991 0.000005
1579 0.000008
6473 0.000030
2351 0.000012
1163 0.000006
5683 0.000027
4261 0.000021
1567 0.000008
677 0.000003
1039 0.000005
727 0.000004
3049 0.000015
4201 0.000020
3511 0.000017
1429 0.000008
2459 0.000012
6659 0.000032
7333 0.000034
419 0.000002
4211 0.000021
3121 0.000015
937 0.000005
5449 0.000026
2791 0.000014
6211 0.000029
4817 0.000022
1009 0.000005
2707 0.000013
1931 0.000010
1487 0.000007
1481 0.000008
137 0.000002
6277 0.000030
1181 0.000006
821 0.000004
6529 0.000032
3803 0.000017
6709 0.000031
281 0.000002
2767 0.000013
3089 0.000015
5807 0.000027
1999 0.000010
4093 0.000020
4451 0.000021
1249 0.000011
7019 0.000032
7039 0.000034
709 0.000003
5153 0.000024
4759 0.000023
7159 0.000062
5653 0.000028
3697 0.000018
6269 0.000029
2411 0.000012
3329 0.000018
1091 0.000006
4783 0.000024
3557 0.000018
5737 0.000027
5479 0.000026
4787 0.000023
853 0.000005
3631 0.000017
6971 0.000033
7523 0.000035
6011 0.000029
997 0.000005
4793 0.000030
3911 0.000019
2063 0.000010
1933 0.000010
3617 0.000017
6323 0.000030
4463 0.000021
2341 0.000011
3769 0.000019
4591 0.000022
1873 0.000009
1789 0.000012
2297 0.000011
2687 0.000013
4127 0.000020
227 0.000001
5689 0.000026
2053 0.000010
4643 0.000023
463 0.000003
383 0.000002
7717 0.000037
3169 0.000015
5417 0.000027
7883 0.000037
2113 0.000010
3709 0.000017
59 0.000001
7027 0.000030
3733 0.000017
3301 0.000015
211 0.000001
1097 0.000005
1823 0.000008
1621 0.000007
7219 0.000035
4721 0.000022
2887 0.000014
163 0.000002
7591 0.000033
5521 0.000026
7253 0.000034
499 0.000002
277 0.000002
3967 0.000019
2579 0.000012
2609 0.000013
7669 0.000037
271 0.000002
6833 0.000032
6007 0.000029
7309 0.000035
6673 0.000032
6793 0.000031
2857 0.000014
1213 0.000006
7723 0.000036
2267 0.000016
4423 0.000021
2797 0.000014
5867 0.000028
6247 0.000030
4987 0.000023
7549 0.000036
6803 0.000033
1303 0.000007
1289 0.000007
7873 0.000038
3923 0.000018
7243 0.000034
5107 0.000024
1913 0.000009
739 0.000004
2543 0.000013
643 0.000003
1367 0.000007
4007 0.000020
3041 0.000015
1669 0.000008
1321 0.000006
6199 0.000029
773 0.000004
3187 0.000016
919 0.000005
2521 0.000012
2251 0.000011
7 0.000001
1399 0.000007
4271 0.000020
3119 0.000015
31 0.000001
1607 0.000008
5693 0.000027
5573 0.000026
6397 0.000030
4789 0.000023
4391 0.000022
467 0.000003
587 0.000004
7369 0.000034
2027 0.000010
1223 0.000007
3533 0.000017
4969 0.000023
3433 0.000017
4073 0.000020
3323 0.000016
2621 0.000013
4919 0.000024
7193 0.000034
2129 0.000011
839 0.000005
1721 0.000008
827 0.000005
3989 0.000019
4651 0.000022
1201 0.000006
2029 0.000010
631 0.000004
4691 0.000023
6569 0.000040
4621 0.000022
4297 0.000021
2777 0.000014
1783 0.000009
4733 0.000023
5527 0.000027
6977 0.000033
1889 0.000009
5 0.000001
2731 0.000013
5209 0.000025
107 0.000001
2663 0.000013
4231 0.000020
6829 0.000032
1319 0.000006
179 0.000002
131 0.000001
4943 0.000024
3313 0.000017
5273 0.000026
1753 0.000009
3191 0.000016
523 0.000003
1583 0.000006
811 0.000004
547 0.000003
1973 0.000009
7331 0.000035
1277 0.000006
7853 0.000037
6961 0.000032
3271 0.000016
229 0.000002
3593 0.000018
563 0.000003
7561 0.000036
4951 0.000024
3011 0.000015
4519 0.000022
3673 0.000018
2557 0.000012
4441 0.000022
2953 0.000015
103 0.000001
479 0.000003
3457 0.000017
6719 0.000031
5021 0.000024
619 0.000003
6763 0.000033
1879 0.000010
2311 0.000012
3547 0.000017
1013 0.000005
6203 0.000029
1811 0.000009
6113 0.000029
6373 0.000030
2237 0.000011
3083 0.000015
2971 0.000014
1051 0.000005
1877 0.000010
1861 0.000009
823 0.000004
199 0.000002
521 0.000003
317 0.000001
43 0.000001
6037 0.000029
6101 0.000029
3571 0.000017
6949 0.000041
7673 0.000037
2377 0.000012
1871 0.000010
127 0.000001
2657 0.000013
6947 0.000033
5119 0.000024
4289 0.000020
7013 0.000034
5297 0.000026
7681 0.000037
809 0.000004
17 0.000001
2099 0.000010
457 0.000003
1447 0.000007
4909 0.000023
3 0.000001
2287 0.000011
7547 0.000035
751 0.000004
5011 0.000024
2281 0.000012
5669 0.000027
6491 0.000030
7481 0.000034
7411 0.000035
5233 0.000025
1997 0.000010
647 0.000004
4603 0.000020
3019 0.000014
443 0.000002
2753 0.000014
5897 0.000028
401 0.000003
4799 0.000023
691 0.000004
1693 0.000009
5323 0.000035
3851 0.000018
2819 0.000014
6781 0.000032
5189 0.000025
3517 0.000017
1483 0.000007
41 0.000000
4649 0.000022
5413 0.000027
4157 0.000021
5501 0.000027
4363 0.000021
5639 0.000027
1093 0.000006
7127 0.000035
6991 0.000033
5431 0.000027
7643 0.000036
7487 0.000036
5717 0.000028
2917 0.000014
7793 0.000038
3527 0.000017
0 0.000001
3671 0.000018
5657 0.000027
181 0.000002
661 0.000004
5099 0.000024
3037 0.000015
3907 0.000019
4129 0.000020
6607 0.000032
37 0.000001
1171 0.000006
1619 0.000008
907 0.000005
367 0.000003
5903 0.000029
5791 0.000028
251 0.000002
1901 0.000009
1657 0.000009
2939 0.000014
2243 0.000011
2659 0.000013
6067 0.000029
5309 0.000025
5171 0.000025
5701 0.000027
1663 0.000009
3581 0.000017
4517 0.000021
5813 0.000029
1831 0.000009
1597 0.000008
3299 0.000016
1193 0.000006
5881 0.000028
5351 0.000025
2347 0.000011
4967 0.000024
1063 0.000006
4001 0.000020
4217 0.000021
3637 0.000018
7459 0.000036
89 0.000001
2437 0.000021
151 0.000001
857 0.000005
6449 0.000031
373 0.000002
2357 0.000012
6637 0.000032
4639 0.000022
1523 0.000008
5147 0.000023
4931 0.000022
6917 0.000032
3659 0.000018
1217 0.000007
5051 0.000024
3391 0.000016
4483 0.000022
7621 0.000036
1373 0.000007
5849 0.000028
1259 0.000007
4751 0.000021
4567 0.000020
1471 0.000007
3373 0.000016
3491 0.000017
5569 0.000026
4099 0.000024
3643 0.000018
4583 0.000022
359 0.000002
4049 0.000018
571 0.000003
1951 0.000009
6563 0.000031
4447 0.000022
2897 0.000014
3463 0.000017
6883 0.000034
3701 0.000018
7457 0.000035
5981 0.000028
6263 0.000030
353 0.000002
97 0.000001
983 0.000005
1601 0.000008
3449 0.000017
617 0.000004
757 0.000004
5743 0.000028
4723 0.000023
53 0.000000
5869 0.000028
2927 0.000014
6379 0.000035
6317 0.000031
2689 0.000012
5857 0.000027
887 0.000004
5827 0.000028
4973 0.000024
2269 0.000011
2423 0.000012
7451 0.000035
4027 0.000020
7867 0.000038
2381 0.000011
941 0.000004
3167 0.000015
2713 0.000013
569 0.000003
3739 0.000018
2371 0.000012
6983 0.000033
6551 0.000032
2111 0.000010
701 0.000004
2699 0.000013
2693 0.000013
2671 0.000012
6053 0.000029
3847 0.000019
439 0.000002
4889 0.000023
3539 0.000017
4159 0.000019
4657 0.000023
5077 0.000024
7499 0.000036
6221 0.000030
4241 0.000020
3863 0.000018
5623 0.000027
6857 0.000032
4111 0.000021
7247 0.000035
7823 0.000037
2083 0.000011
2861 0.000014
3833 0.000019
7703 0.000037
1033 0.000006
6691 0.000032
3217 0.000025
5591 0.000027
2309 0.000012
7109 0.000034
2293 0.000012
4327 0.000021
3023 0.000015
6679 0.000032
6229 0.000031
1123 0.000005
3929 0.000020
5113 0.000025
953 0.000005
5939 0.000029
6689 0.000032
3371 0.000017
29 0.000001
743 0.000004
67 0.000001
5651 0.000027
2903 0.000014
5531 0.000026
4831 0.000024
7489 0.000036
787 0.000004
769 0.000004
593 0.000003
3877 0.000019
6733 0.000033
2549 0.000013
2711 0.000013
5387 0.000025
6427 0.000030
2851 0.000014
1381 0.000007
5039 0.000025
157 0.000001
1283 0.000006
4283 0.000021
389 0.000003
967 0.000005
7177 0.000034
1 0.000001
6841 0.000032
5003 0.000024
337 0.000001
5419 0.000026
2999 0.000014
6073 0.000029
6121 0.000030
3607 0.000018
3061 0.000015
7351 0.000035
2207 0.000011
3767 0.000018
6869 0.000033
6257 0.000030
6047 0.000029
2069 0.000010
2969 0.000015
5801 0.000028
5879 0.000028
6653 0.000031
7187 0.000034
5381 0.000025
1747 0.000009
4663 0.000023
5167 0.000025
2801 0.000014
5443 0.000026
6163 0.000030
5179 0.000025
5821 0.000028
7433 0.000035
7583 0.000035
2441 0.000012
7229 0.000035
4153 0.000020
4421 0.000021
3109 0.000015
2719 0.000013
6421 0.000030
7577 0.000036
4813 0.000023
3137 0.000016
449 0.000003
4993 0.000024
409 0.000003
7321 0.000035
877 0.000005
4673 0.000023
3947 0.000020
6043 0.000029
7759 0.000037
1907 0.000010
6571 0.000032
1543 0.000008
5009 0.000023
139 0.000001
6451 0.000031
6737 0.000032
6599 0.000031
1327 0.000007
1993 0.000010
2647 0.000013
6343 0.000030
7603 0.000036
6287 0.000030
557 0.000004
1291 0.000008
1279 0.000006
1453 0.000007
47 0.000001
5749 0.000027
149 0.000001
2 0.000001
3259 0.000016
3727 0.000019
2833 0.000015
4703 0.000023
2789 0.000015
7237 0.000035
3931 0.000020
1723 0.000008
2399 0.000012
1489 0.000008
1301 0.000006
7417 0.000035
2837 0.000014
7517 0.000036
6469 0.000045
7789 0.000038
6337 0.000030
6361 0.000030
6907 0.000033
1237 0.000006
4057 0.000019
4259 0.000021
4507 0.000022
5407 0.000026
3331 0.000017
7559 0.000035
2477 0.000013
977 0.000005
5437 0.000025
5227 0.000026
2729 0.000014
2017 0.000010
599 0.000004
6871 0.000034
971 0.000005
1667 0.000008
2963 0.000014
6661 0.000031
2447 0.000012
2617 0.000013
5197 0.000024
7639 0.000036
6761 0.000032
6553 0.000031
673 0.000003
7649 0.000036
1031 0.000006
5393 0.000027
6823 0.000033
4349 0.000021
6301 0.000030
2153 0.000011
6133 0.000029
5659 0.000027
1553 0.000007
431 0.000002
2003 0.000009
1231 0.000006
5861 0.000028
1741 0.000009
3719 0.000017
3467 0.000017
7121 0.000035
1129 0.000006
5503 0.000026
6197 0.000029
4877 0.000023
2137 0.000010
307 0.000002
5711 0.000027
4937 0.000023
239 0.000002
7829 0.000036
109 0.000001
601 0.000003
1087 0.000006
6091 0.000028
947 0.000005
1019 0.000005
7103 0.000032
797 0.000003
5333 0.000024
6701 0.000031
1511 0.000007
487 0.000002
641 0.000004
6089 0.000029
269 0.000002
5581 0.000027
5471 0.000027
3823 0.000018
613 0.000003
3889 0.000019
7817 0.000037
5483 0.000026
3559 0.000017
2909 0.000014
2539 0.000011
6029 0.000026
3853 0.000016
1493 0.000007
5279 0.000026
6863 0.000032
6791 0.000033
1777 0.000008
4357 0.000020
2551 0.000012
7069 0.000034
6577 0.000032
1061 0.000006
1153 0.000006
311 0.000001
5647 0.000027
7283 0.000034
4021 0.000019
1709 0.000009
421 0.000002
3221 0.000016
4243 0.000021
5839 0.000029
4679 0.000023
929 0.000005
883 0.000004
6703 0.000031
3881 0.000019
1559 0.000008
2213 0.000010
1439 0.000006
5507 0.000023
1637 0.000008
2473 0.000013
1151 0.000006
5557 0.000027
379 0.000002
3691 0.000017
2011 0.000010
7741 0.000036
7901 0.000036
7573 0.000036
3677 0.000018
4003 0.000020
5987 0.000029
5281 0.000025
3943 0.000019
433 0.000003
7529 0.000034
7307 0.000035
7753 0.000037
3917 0.000019
1427 0.000007
3257 0.000016
6827 0.000032
733 0.000004
4903 0.000022
397 0.000003
3359 0.000016
1229 0.000006
1069 0.000006
2143 0.000011
7727 0.000036
2633 0.000013
61 0.000000
2141 0.000011
6299 0.000030
5927 0.000028
1949 0.000010
4549 0.000022
191 0.000002
1697 0.000008
241 0.000001
2383 0.000011
2749 0.000014
3343 0.000016
257 0.000001
223 0.000002
509 0.000002
6311 0.000028
1549 0.000007
7057 0.000034
2957 0.000015
3251 0.000016
1609 0.000008
6779 0.000031
6173 0.000030
3001 0.000015
6581 0.000031
2089 0.000009
5923 0.000029
3541 0.000017
4373 0.000021
7607 0.000036
5741 0.000028
3499 0.000017
4273 0.000021
4523 0.000021
1049 0.000005
7129 0.000035
2203 0.000011
349 0.000002
6271 0.000029
3209 0.000046
4999 0.000024
7349 0.000032
5519 0.000023
79 0.000001
6131 0.000025
2081 0.000010
7687 0.000034
829 0.000003
3319 0.000013
7297 0.000031
659 0.000002
6329 0.000030
3797 0.000018
6521 0.000031
2531 0.000012
7507 0.000037
4139 0.000020
503 0.000003
4861 0.000024
71 0.000001
4253 0.000020
4933 0.000023
7841 0.000038
2677 0.000013
1787 0.000068
6151 0.000030
7151 0.000039
2221 0.000011
5303 0.000026
5237 0.000025
3529 0.000017
1699 0.000008
3307 0.000016
5779 0.000028
1433 0.000007
2273 0.000011
6359 0.000029
3779 0.000018
3821 0.000018
7879 0.000037
313 0.000001
3163 0.000016
4051 0.000020
863 0.000005
491 0.000002
3761 0.000018
5477 0.000027
4337 0.000021
6997 0.000033
1117 0.000005
607 0.000003
7757 0.000037
7541 0.000040
5261 0.000025
5399 0.000025
4019 0.000020
1571 0.000008
4229 0.000020
7043 0.000034
7079 0.000034
4079 0.000020
2417 0.000012
4457 0.000021
7393 0.000035
653 0.000003
2179 0.000011
3623 0.000018
3079 0.000014
719 0.000004
6217 0.000029
4637 0.000023
1627 0.000008
683 0.000004
3347 0.000016
4957 0.000024
5101 0.000025
4493 0.000022
5843 0.000028
1021 0.000006
859 0.000004
4219 0.000021
3229 0.000016
6389 0.000031
5783 0.000027
3253 0.000016
3919 0.000019
6079 0.000029
197 0.000001
5851 0.000028
283 0.000002
7877 0.000038
5087 0.000023
293 0.000002
13 0.000000
2803 0.000014
167 0.000001
7213 0.000034
6911 0.000034
3793 0.000018
4177 0.000020
6899 0.000034
347 0.000003
1499 0.000008
4513 0.000022
6481 0.000034
7477 0.000036
6353 0.000030
6967 0.000034
233 0.000002
263 0.000002
1423 0.000007
4397 0.000021
3361 0.000017
2843 0.000014
7699 0.000037
1109 0.000006
3461 0.000016
3181 0.000015
4339 0.000019
2039 0.000010
4481 0.000022
6959 0.000032
2389 0.000011
4013 0.000019
2393 0.000011
2239 0.000012
6367 0.000030
4597 0.000022
1187 0.000006
3407 0.000016
5641 0.000026
73 0.000001
5023 0.000024
2879 0.000014
3389 0.000017
7691 0.000037
3613 0.000017
1613 0.000008
4801 0.000023
4871 0.000024
1759 0.000009
2503 0.000012
3203 0.000015
1531 0.000008
5953 0.000028
4091 0.000020
4133 0.000020
2467 0.000012
2591 0.000012
1733 0.000008
4409 0.000082
4729 0.000023
7001 0.000033
577 0.000004
1307 0.000007
5563 0.000027
83 0.000001
1987 0.000010
1801 0.000009
1867 0.000010
7211 0.000035
911 0.000004
173 0.000001
4547 0.000022
193 0.000001
3067 0.000015
6143 0.000029
113 0.000001
541 0.000003
11 0.000001
19 0.000001
3413 0.000016
2339 0.000011
2333 0.000011
461 0.000003
101 0.000001
6619 0.000032
7537 0.000035
2161 0.000011
331 0.000002
7589 0.000036
23 0.000001
1451 0.000007
1361 0.000007
5441 0.000026
1459 0.000008
5231 0.000025
2741 0.000014
761 0.000004
3583 0.000018
4561 0.000023
1409 0.000007
5081 0.000024
5347 0.000026
2087 0.000010
1297 0.000007
1103 0.000005
881 0.000005
2683 0.000013
1979 0.000010
1847 0.000009
6547 0.000032
2131 0.000011
7207 0.000035
5059 0.000024
2593 0.000013
3469 0.000014
991 0.000004
1579 0.000008
6473 0.000031
2351 0.000010
1163 0.000006
5683 0.000027
4261 0.000020
1567 0.000007
677 0.000003
1039 0.000006
727 0.000004
3049 0.000014
4201 0.000020
3511 0.000016
1429 0.000007
2459 0.000012
6659 0.000031
7333 0.000035
419 0.000003
4211 0.000020
3121 0.000015
937 0.000005
5449 0.000026
2791 0.000014
6211 0.000029
4817 0.000024
1009 0.000005
2707 0.000013
1931 0.000010
1487 0.000008
1481 0.000007
137 0.000001
6277 0.000029
1181 0.000006
821 0.000004
6529 0.000032
3803 0.000019
6709 0.000032
281 0.000002
2767 0.000013
3089 0.000015
5807 0.000027
1999 0.000010
4093 0.000019
4451 0.000021
1249 0.000007
7019 0.000033
7039 0.000033
709 0.000004
5153 0.000024
4759 0.000023
7159 0.000040
5653 0.000027
3697 0.000018
6269 0.000030
2411 0.000012
3329 0.000016
1091 0.000005
4783 0.000023
3557 0.000017
5737 0.000085
5479 0.000027
4787 0.000023
853 0.000004
3631 0.000018
6971 0.000034
7523 0.000036
6011 0.000029
997 0.000006
4793 0.000024
3911 0.000019
2063 0.000011
1933 0.000009
3617 0.000017
6323 0.000030
4463 0.000022
2341 0.000011
3769 0.000018
4591 0.000022
1873 0.000010
1789 0.000009
2297 0.000011
2687 0.000013
4127 0.000020
227 0.000001
5689 0.000027
2053 0.000010
4643 0.000082
463 0.000002
383 0.000003
7717 0.000037
3169 0.000016
5417 0.000026
7883 0.000038
2113 0.000011
3709 0.000018
59 0.000000
7027 0.000033
3733 0.000018
3301 0.000016
211 0.000002
1097 0.000006
1823 0.000009
1621 0.000008
7219 0.000034
4721 0.000022
2887 0.000013
163 0.000001
7591 0.000037
5521 0.000027
7253 0.000034
499 0.000003
277 0.000001
3967 0.000019
2579 0.000013
2609 0.000013
7669 0.000098
271 0.000001
6833 0.000033
6007 0.000029
7309 0.000035
6673 0.000032
6793 0.000033
2857 0.000014
1213 0.000006
7723 0.000036
2267 0.000011
4423 0.000022
2797 0.000014
5867 0.000029
6247 0.000030
4987 0.000023
7549 0.000035
6803 0.000033
1303 0.000007
1289 0.000006
7873 0.000038
3923 0.000019
7243 0.000034
5107 0.000094
1913 0.000010
739 0.000004
2543 0.000012
643 0.000003
1367 0.000007
4007 0.000019
3041 0.000015
1669 0.000008
1321 0.000007
6199 0.000030
773 0.000004
3187 0.000016
919 0.000005
2521 0.000013
2251 0.000011
7 0.000001
1399 0.000007
4271 0.000020
3119 0.000015
31 0.000001
1607 0.000008
5693 0.000027
5573 0.000027
6397 0.000030
4789 0.000023
4391 0.000022
467 0.000003
587 0.000004
7369 0.000036
2027 0.000010
1223 0.000006
3533 0.000017
4969 0.000023
3433 0.000016
4073 0.000020
3323 0.000016
2621 0.000013
4919 0.000024
7193 0.000033
2129 0.000011
839 0.000004
1721 0.000008
827 0.000004
3989 0.000020
4651 0.000022
1201 0.000007
2029 0.000010
631 0.000004
4691 0.000023
6569 0.000031
4621 0.000023
4297 0.000021
2777 0.000014
1783 0.000009
4733 0.000023
5527 0.000026
6977 0.000033
1889 0.000009
5 0.000001
2731 0.000013
5209 0.000025
107 0.000002
2663 0.000013
4231 0.000020
6829 0.000033
1319 0.000006
179 0.000002
131 0.000001
4943 0.000024
3313 0.000015
5273 0.000025
1753 0.000008
3191 0.000016
523 0.000003
1583 0.000008
811 0.000004
547 0.000003
1973 0.000010
7331 0.000033
1277 0.000006
7853 0.000037
6961 0.000033
3271 0.000016
229 0.000001
3593 0.000018
563 0.000003
7561 0.000035
4951 0.000024
3011 0.000015
4519 0.000022
3673 0.000018
2557 0.000013
4441 0.000021
2953 0.000014
103 0.000001
479 0.000003
3457 0.000016
6719 0.000030
5021 0.000022
619 0.000003
6763 0.000030
1879 0.000010
2311 0.000011
3547 0.000017
1013 0.000005
6203 0.000030
1811 0.000009
6113 0.000030
6373 0.000031
2237 0.000012
3083 0.000015
2971 0.000015
1051 0.000005
1877 0.000009
1861 0.000009
823 0.000004
199 0.000001
521 0.000002
317 0.000002
43 0.000000
6037 0.000029
6101 0.000029
3571 0.000024
6949 0.000033
7673 0.000037
2377 0.000011
1871 0.000010
127 0.000001
2657 0.000012
6947 0.000033
5119 0.000024
4289 0.000021
7013 0.000033
5297 0.000025
7681 0.000037
809 0.000005
17 0.000001
2099 0.000010
457 0.000003
1447 0.000007
4909 0.000023
3 0.000000
2287 0.000012
7547 0.000036
751 0.000004
5011 0.000024
2281 0.000011
5669 0.000032
6491 0.000031
7481 0.000036
7411 0.000035
5233 0.000025
1997 0.000010
647 0.000003
4603 0.000021
3019 0.000014
443 0.000003
2753 0.000013
5897 0.000028
401 0.000003
4799 0.000022
691 0.000004
1693 0.000008
5323 0.000025
3851 0.000018
2819 0.000013
6781 0.000033
5189 0.000026
3517 0.000017
1483 0.000008
41 0.000001
4649 0.000023
5413 0.000026
4157 0.000021
5501 0.000027
4363 0.000021
5639 0.000027
1093 0.000006
7127 0.000034
6991 0.000033
5431 0.000026
7643 0.000036
7487 0.000035
5717 0.000027
2917 0.000014
7793 0.000037
3527 0.000017
0 0.000001
3671 0.000018
5657 0.000027
181 0.000001
661 0.000004
5099 0.000024
3037 0.000015
3907 0.000019
4129 0.000025
6607 0.000032
37 0.000000
1171 0.000006
1619 0.000008
907 0.000004
367 0.000002
5903 0.000028
5791 0.000028
251 0.000002
1901 0.000009
1657 0.000009
2939 0.000014
2243 0.000011
2659 0.000013
6067 0.000029
5309 0.000025
5171 0.000024
5701 0.000027
1663 0.000009
3581 0.000017
4517 0.000022
5813 0.000028
1831 0.000009
1597 0.000008
3299 0.000017
1193 0.000007
5881 0.000028
5351 0.000025
2347 0.000016
4967 0.000024
1063 0.000006
4001 0.000020
4217 0.000021
3637 0.000017
7459 0.000036
89 0.000001
2437 0.000011
151 0.000001
857 0.000004
6449 0.000031
373 0.000002
2357 0.000011
6637 0.000032
4639 0.000023
1523 0.000008
5147 0.000025
4931 0.000024
6917 0.000033
3659 0.000017
1217 0.000006
5051 0.000024
3391 0.000017
4483 0.000022
7621 0.000036
1373 0.000007
5849 0.000032
1259 0.000006
4751 0.000023
4567 0.000022
1471 0.000007
3373 0.000017
3491 0.000017
5569 0.000027
4099 0.000020
3643 0.000017
4583 0.000023
359 0.000002
4049 0.000019
571 0.000003
1951 0.000010
6563 0.000031
4447 0.000021
2897 0.000014
3463 0.000016
6883 0.000033
3701 0.000018
7457 0.000035
5981 0.000029
6263 0.000030
353 0.000002
97 0.000001
983 0.000010
1601 0.000007
3449 0.000016
617 0.000003
757 0.000004
5743 0.000027
4723 0.000022
53 0.000001
5869 0.000028
2927 0.000014
6379 0.000030
6317 0.000030
2689 0.000013
5857 0.000027
887 0.000005
5827 0.000028
4973 0.000024
2269 0.000012
2423 0.000012
7451 0.000036
4027 0.000019
7867 0.000038
2381 0.000012
941 0.000005
3167 0.000015
2713 0.000014
569 0.000003
3739 0.000018
2371 0.000012
6983 0.000033
6551 0.000031
2111 0.000011
701 0.000003
2699 0.000013
2693 0.000013
2671 0.000012
6053 0.000029
3847 0.000018
439 0.000003
4889 0.000023
3539 0.000017
4159 0.000021
4657 0.000022
5077 0.000024
7499 0.000036
6221 0.000030
4241 0.000020
3863 0.000019
5623 0.000027
6857 0.000037
4111 0.000020
7247 0.000035
7823 0.000037
2083 0.000010
2861 0.000014
3833 0.000018
7703 0.000037
1033 0.000006
6691 0.000032
3217 0.000016
5591 0.000027
2309 0.000011
7109 0.000034
2293 0.000011
4327 0.000020
3023 0.000014
6679 0.000033
6229 0.000029
1123 0.000006
3929 0.000019
5113 0.000024
953 0.000006
5939 0.000034
6689 0.000033
3371 0.000017
29 0.000000
743 0.000004
67 0.000001
5651 0.000027
2903 0.000013
5531 0.000026
4831 0.000023
7489 0.000036
787 0.000004
769 0.000004
593 0.000003
3877 0.000019
6733 0.000032
2549 0.000013
2711 0.000013
5387 0.000026
6427 0.000031
2851 0.000014
1381 0.000007
5039 0.000024
157 0.000002
1283 0.000007
4283 0.000021
389 0.000002
967 0.000004
7177 0.000034
1 0.000000
6841 0.000033
5003 0.000024
337 0.000002
5419 0.000026
2999 0.000015
6073 0.000029
6121 0.000029
3607 0.000018
3061 0.000014
7351 0.000035
2207 0.000011
3767 0.000018
6869 0.000033
6257 0.000029
6047 0.000029
2069 0.000010
2969 0.000015
5801 0.000028
5879 0.000028
6653 0.000032
7187 0.000034
5381 0.000026
1747 0.000009
4663 0.000022
5167 0.000025
2801 0.000014
5443 0.000026
6163 0.000029
5179 0.000025
5821 0.000028
7433 0.000036
7583 0.000036
2441 0.000012
7229 0.000035
4153 0.000020
4421 0.000021
3109 0.000015
2719 0.000013
6421 0.000030
7577 0.000036
4813 0.000033
3137 0.000015
449 0.000003
4993 0.000024
409 0.000002
7321 0.000037
877 0.000004
4673 0.000022
3947 0.000019
6043 0.000028
7759 0.000038
1907 0.000010
6571 0.000032
1543 0.000007
5009 0.000024
139 0.000001
6451 0.000030
6737 0.000032
6599 0.000032
1327 0.000007
1993 0.000010
2647 0.000012
6343 0.000031
7603 0.000037
6287 0.000030
557 0.000003
1291 0.000006
1279 0.000007
1453 0.000007
47 0.000001
5749 0.000027
149 0.000001
2 0.000001
3259 0.000016
3727 0.000018
2833 0.000014
4703 0.000022
2789 0.000014
7237 0.000035
3931 0.000019
1723 0.000009
2399 0.000011
1489 0.000007
1301 0.000006
7417 0.000035
2837 0.000014
7517 0.000036
6469 0.000031
7789 0.000037
6337 0.000030
6361 0.000035
6907 0.000033
1237 0.000006
4057 0.000020
4259 0.000021
4507 0.000022
5407 0.000026
3331 0.000017
7559 0.000036
2477 0.000012
977 0.000005
5437 0.000026
5227 0.000025
2729 0.000014
2017 0.000010
599 0.000003
6871 0.000033
971 0.000005
1667 0.000008
2963 0.000015
6661 0.000031
2447 0.000012
2617 0.000013
5197 0.000025
7639 0.000035
6761 0.000031
6553 0.000031
673 0.000003
7649 0.000037
1031 0.000006
5393 0.000026
6823 0.000034
4349 0.000021
6301 0.000030
2153 0.000010
6133 0.000029
5659 0.000027
1553 0.000007
431 0.000003
2003 0.000010
1231 0.000006
5861 0.000028
1741 0.000009
3719 0.000018
3467 0.000017
7121 0.000034
1129 0.000005
5503 0.000027
6197 0.000030
4877 0.000023
2137 0.000010
307 0.000002
5711 0.000028
4937 0.000024
239 0.000002
7829 0.000037
109 0.000001
601 0.000004
1087 0.000006
6091 0.000030
947 0.000005
1019 0.000005
7103 0.000034
797 0.000004
5333 0.000025
6701 0.000032
1511 0.000007
487 0.000002
641 0.000003
6089 0.000029
269 0.000002
5581 0.000026
5471 0.000026
3823 0.000018
613 0.000003
3889 0.000018
7817 0.000037
5483 0.000027
3559 0.000016
2909 0.000014
2539 0.000013
6029 0.000029
3853 0.000019
1493 0.000008
5279 0.000025
6863 0.000032
6791 0.000032
1777 0.000009
4357 0.000021
2551 0.000012
7069 0.000034
6577 0.000031
1061 0.000005
1153 0.000006
311 0.000002
5647 0.000027
7283 0.000035
4021 0.000021
1709 0.000009
421 0.000002
3221 0.000016
4243 0.000021
5839 0.000027
4679 0.000022
929 0.000004
883 0.000005
6703 0.000032
3881 0.000019
1559 0.000008
2213 0.000011
1439 0.000007
5507 0.000026
1637 0.000008
2473 0.000012
1151 0.000005
5557 0.000025
379 0.000002
3691 0.000017
2011 0.000010
7741 0.000037
7901 0.000038
7573 0.000035
3677 0.000018
4003 0.000019
5987 0.000029
5281 0.000025
3943 0.000023
433 0.000002
7529 0.000036
7307 0.000034
7753 0.000038
3917 0.000019
1427 0.000007
3257 0.000016
6827 0.000032
733 0.000004
4903 0.000021
397 0.000002
3359 0.000016
1229 0.000006
1069 0.000005
2143 0.000011
7727 0.000036
2633 0.000012
61 0.000005
2141 0.000011
6299 0.000030
5927 0.000029
1949 0.000010
4549 0.000022
191 0.000001
1697 0.000008
241 0.000002
2383 0.000012
2749 0.000013
3343 0.000016
257 0.000001
223 0.000002
509 0.000003
6311 0.000030
1549 0.000008
7057 0.000033
2957 0.000014
3251 0.000016
1609 0.000009
6779 0.000033
6173 0.000030
3001 0.000015
6581 0.000032
2089 0.000011
5923 0.000028
3541 0.000017
4373 0.000020
7607 0.000036
5741 0.000027
3499 0.000017
4273 0.000021
4523 0.000022
1049 0.000006
7129 0.000034
2203 0.000011
349 0.000002
6271 0.000030
3209 0.000015
4999 0.000024
7349 0.000035
5519 0.000026
79 0.000001
6131 0.000030
2081 0.000010
7687 0.000037
829 0.000005
3319 0.000016
7297 0.000034
659 0.000003
6329 0.000035
3797 0.000018
6521 0.000031
2531 0.000012
7507 0.000036
4139 0.000020
503 0.000003
4861 0.000023
71 0.000001
4253 0.000021
4933 0.000024
7841 0.000037
2677 0.000013
1787 0.000009
6151 0.000030
7151 0.000034
2221 0.000011
5303 0.000026
5237 0.000024
3529 0.000017
1699 0.000009
3307 0.000017
5779 0.000033
1433 0.000007
2273 0.000011
6359 0.000030
3779 0.000017
3821 0.000018
7879 0.000037
313 0.000002
3163 0.000015
4051 0.000020
863 0.000005
491 0.000003
3761 0.000017
5477 0.000027
4337 0.000021
6997 0.000034
1117 0.000006
607 0.000003
7757 0.000037
7541 0.000036
5261 0.000025
5399 0.000026
4019 0.000020
1571 0.000008
4229 0.000021
7043 0.000038
7079 0.000034
4079 0.000020
2417 0.000011
4457 0.000021
7393 0.000036
653 0.000004
2179 0.000011
3623 0.000017
3079 0.000015
719 0.000004
6217 0.000029
4637 0.000022
1627 0.000008
683 0.000004
3347 0.000016
4957 0.000024
5101 0.000025
4493 0.000022
5843 0.000028
1021 0.000005
859 0.000005
4219 0.000021
3229 0.000016
6389 0.000031
5783 0.000032
3253 0.000016
3919 0.000019
6079 0.000029
197 0.000001
5851 0.000028
283 0.000002
7877 0.000037
5087 0.000025
293 0.000002
13 0.000000
2803 0.000014
167 0.000001
7213 0.000034
6911 0.000033
3793 0.000018
4177 0.000020
6899 0.000033
347 0.000002
1499 0.000008
4513 0.000022
6481 0.000031
7477 0.000036
6353 0.000031
6967 0.000033
233 0.000001
263 0.000001
1423 0.000007
4397 0.000021
3361 0.000016
2843 0.000013
7699 0.000037
1109 0.000006
3461 0.000017
3181 0.000015
4339 0.000020
2039 0.000010
4481 0.000021
6959 0.000033
2389 0.000012
4013 0.000019
2393 0.000012
2239 0.000011
6367 0.000030
4597 0.000022
1187 0.000006
3407 0.000016
5641 0.000028
73 0.000001
5023 0.000024
2879 0.000014
3389 0.000016
7691 0.000041
3613 0.000017
1613 0.000008
4801 0.000023
4871 0.000024
1759 0.000009
2503 0.000012
3203 0.000015
1531 0.000008
5953 0.000029
