redaction
codage
test
data
----------algo 1------------
0.006574, 0.012352, 0.023153, 0.040919, 0.078068, 0.141548, 0.276811, 0.555268, 1.095261, 2.192690, 4.288282, 8.570064 

0.002130, 0.004130, 0.009280, 0.018480, 0.037052, 0.075450, 0.138789, 0.268515, 0.529700, 1.054868, 2.104714, 4.167153 

0.000011, 0.000013, 0.000016, 0.000021, 0.000041, 0.000058, 0.000086, 0.000115, 0.000147, 0.000211, 0.000260, 0.000358

0.000007, 0.000011, 0.000012, 0.000014, 0.000019, 0.000025, 0.000034, 0.000047, 0.000065, 0.000091, 0.000129, 0.000181