569 200 410 752 469 476 985 927 651 614 793 454 451 400 969 944 169 432 325 63 830 335 764 96 869 617 152 877 656 801 294 225 691 705 667 851 871 341 777 521 955 259 666 406 349 634 39 518 756 55 271 585 390 34 681 258 341 524 134 688 14 119 603 396 824 269 246 694 611 713 906 255 972 571 351 320 895 391 528 650 446 799 234 526 523 605 784 864 128 608 241 143 727 844 229 550 804 475 935 414 
878 840 359 849 100 711 859 995 792 386 644 928 184 878 453 707 482 927 260 301 534 502 134 952 345 363 191 148 838 125 252 405 655 302 253 755 12 802 749 494 187 392 111 61 960 254 768 442 180 27 433 404 529 567 355 565 930 237 403 457 362 656 862 17 648 805 772 350 606 211 844 793 293 645 854 253 899 311 385 769 28 818 172 248 384 218 813 3 145 906 460 507 251 11 214 899 816 987 248 421 
888 782 904 180 426 447 433 324 448 508 783 476 15 646 414 399 554 226 92 699 823 552 205 73 563 420 973 68 96 911 179 674 693 773 854 118 219 978 133 357 485 916 524 501 251 938 590 805 855 683 503 677 925 399 440 178 509 412 246 605 13 426 278 706 198 822 514 108 799 647 465 975 253 679 165 504 617 755 309 471 127 502 838 52 901 277 230 409 380 166 13 393 592 982 98 481 804 612 589 292 
950 744 266 893 423 431 396 730 877 395 200 3 898 37 746 798 4 666 207 384 833 911 777 114 583 565 595 76 868 874 368 817 308 325 709 421 446 795 150 322 190 40 16 87 768 452 885 772 809 782 156 641 383 623 445 966 188 40 41 55 604 99 562 912 114 961 332 561 755 172 573 945 212 279 722 980 732 297 442 540 78 598 871 461 220 5 116 98 736 157 844 340 948 405 942 61 365 965 312 811 
136 886 755 349 855 167 18 586 464 460 816 232 748 376 384 659 382 500 757 117 348 601 147 295 696 89 46 752 53 359 562 189 935 6 228 789 173 938 65 637 397 571 560 145 948 944 494 19 443 250 827 791 541 975 776 928 754 513 679 807 872 240 686 496 246 605 284 420 542 349 747 629 611 306 464 558 940 958 267 383 899 93 864 129 758 330 56 511 843 735 7 404 975 384 900 912 989 183 21 220 
223 458 849 834 455 3 81 394 961 38 777 549 822 331 679 580 661 735 781 503 160 479 597 825 863 496 736 851 369 447 761 282 906 609 806 360 302 577 754 263 615 221 502 437 242 180 707 903 606 177 95 766 656 692 280 518 878 707 58 246 153 819 529 749 118 334 108 420 912 553 373 216 464 876 343 396 746 740 298 41 918 83 497 573 465 778 782 342 484 530 588 637 349 807 76 157 832 875 267 433 
427 331 649 581 897 683 977 642 422 965 374 339 738 871 603 202 648 74 544 131 604 823 459 643 319 535 800 150 409 758 273 527 88 613 798 675 295 465 6 717 119 380 747 858 251 39 750 899 113 985 721 717 497 179 360 816 404 850 657 503 297 930 720 75 542 518 750 837 673 757 244 792 136 991 339 387 29 89 977 833 73 697 549 260 566 599 75 970 139 732 162 436 352 883 202 894 90 952 421 763 
708 665 244 535 345 584 922 64 363 898 897 126 284 135 386 850 735 151 509 564 574 672 690 926 244 892 509 24 844 930 787 241 284 721 776 319 995 388 383 357 976 279 173 260 415 559 800 840 401 309 403 975 671 783 900 605 675 408 629 208 28 105 449 2 516 225 322 511 303 395 558 278 675 732 228 780 981 28 309 381 27 712 45 388 494 945 993 859 43 311 66 71 416 516 764 622 431 85 132 424 
481 381 702 846 112 931 315 783 959 624 855 676 25 900 63 209 535 55 68 578 366 825 339 472 30 793 93 151 569 917 575 740 297 277 585 99 898 590 572 546 213 426 221 929 16 284 137 241 339 896 819 395 721 848 557 441 640 340 593 208 947 167 638 243 134 222 32 31 502 605 577 405 721 798 333 737 81 161 978 110 747 486 195 157 23 442 599 354 473 191 252 419 48 891 353 183 803 385 214 305 
990 792 710 711 279 734 137 361 895 806 161 641 982 47 799 5 489 397 359 962 278 301 381 326 191 734 509 995 809 414 299 799 205 699 199 174 432 336 225 326 832 387 658 814 434 456 819 613 543 868 575 821 168 646 146 50 69 346 44 878 760 33 366 655 422 565 829 545 592 54 871 423 131 218 927 565 364 435 177 907 993 442 417 852 87 564 902 847 600 636 725 359 359 781 704 781 346 532 325 628 
276 887 741 407 795 358 662 159 793 530 65 786 972 483 637 750 737 538 286 26 864 701 75 222 482 779 693 518 0 709 145 277 595 576 374 389 934 727 238 727 256 304 202 918 477 529 667 213 757 644 930 620 344 4 842 826 783 224 343 473 933 178 750 217 445 815 607 378 541 845 795 487 839 687 404 315 215 762 218 972 405 147 591 749 842 122 575 624 347 608 97 970 477 537 187 922 41 484 990 272 
18 475 759 858 161 163 863 377 615 772 348 19 609 630 768 451 442 32 765 789 331 552 449 808 780 636 419 821 119 408 784 137 883 542 685 735 395 548 111 9 9 149 719 618 469 177 759 912 209 524 390 230 766 839 728 545 164 146 56 283 245 840 421 818 71 796 552 157 343 353 166 42 193 886 661 662 62 109 263 962 633 344 883 89 873 610 634 37 447 380 320 382 910 431 199 982 227 752 138 260 
795 995 303 988 570 654 340 322 763 293 975 86 637 857 175 510 156 499 547 293 880 557 675 789 989 875 460 215 316 288 165 110 974 468 789 543 812 128 866 575 421 530 661 749 76 836 258 232 334 495 216 904 51 891 383 39 455 843 945 771 131 801 572 104 959 360 337 771 178 893 345 289 422 696 37 498 221 986 421 245 170 637 149 222 527 532 952 983 64 587 443 886 387 14 680 345 64 17 115 933 
910 150 913 22 536 640 520 447 626 631 693 486 267 532 708 485 754 660 467 818 246 600 704 323 305 383 668 59 90 474 993 0 314 905 713 851 544 232 988 860 864 680 346 821 211 744 305 655 93 462 473 339 62 867 352 367 249 20 116 30 184 108 30 498 703 433 38 938 665 26 797 218 396 833 730 298 577 34 953 670 497 425 700 249 291 51 306 231 762 422 261 946 221 982 134 924 104 863 861 769 
889 348 678 285 871 407 583 137 131 225 808 318 651 197 567 632 939 563 553 391 986 504 336 206 175 160 820 279 23 681 739 912 719 106 887 589 203 159 727 334 385 224 653 726 111 910 357 49 473 601 440 458 104 467 354 971 627 173 249 650 544 678 252 953 784 829 542 987 989 959 321 63 182 664 789 984 263 836 32 736 436 163 884 231 320 237 201 947 101 140 287 335 819 229 288 602 57 520 279 736 
478 290 799 350 954 587 333 216 423 55 643 549 218 526 780 538 454 671 175 245 812 152 270 320 381 558 922 438 77 891 865 245 180 663 595 824 941 618 731 53 674 373 602 582 589 72 811 733 743 986 978 244 828 248 564 208 496 176 336 264 757 200 509 938 554 795 761 494 412 491 547 776 554 148 358 143 911 168 876 654 844 544 588 671 482 843 879 978 709 905 932 465 105 131 92 659 926 854 152 27 
34 389 804 589 537 852 732 448 19 297 792 863 841 69 533 322 602 101 991 310 5 922 466 801 52 558 149 668 411 992 386 446 380 880 725 608 731 456 746 750 753 537 302 284 296 835 296 899 626 286 899 631 899 364 122 951 613 271 309 23 263 695 159 643 574 884 250 304 29 686 744 473 913 45 757 209 570 52 798 195 29 696 516 928 751 638 568 363 910 567 76 863 261 927 195 525 500 136 519 530 
822 262 693 735 998 449 944 567 191 741 452 911 126 969 838 877 296 96 930 205 663 6 758 615 933 954 830 432 89 349 652 911 611 344 645 299 793 278 866 675 709 8 585 836 977 113 402 963 900 332 859 252 338 616 557 961 569 387 392 658 736 44 259 36 78 904 335 562 873 892 236 581 900 511 106 566 314 509 528 904 531 76 156 869 693 713 519 261 790 601 610 525 645 869 252 414 462 587 976 334 
168 211 916 758 412 21 13 417 220 542 320 751 618 476 309 0 880 828 262 669 429 562 885 764 430 136 177 892 413 152 226 582 53 832 339 466 853 353 883 73 585 202 824 893 369 133 584 939 651 846 297 79 97 181 844 527 317 711 108 421 864 334 2 917 165 31 72 709 74 645 782 349 538 295 933 907 118 516 535 770 361 832 849 458 13 382 675 20 93 783 441 647 808 133 563 663 856 326 371 930 
971 843 970 508 138 902 104 947 417 639 716 468 471 255 616 174 327 290 194 420 763 326 757 570 459 10 924 4 336 294 625 306 828 594 505 656 495 299 602 912 939 8 69 99 263 685 273 280 665 467 391 427 483 147 688 633 157 611 637 493 595 261 490 112 855 685 768 39 984 370 641 922 68 710 711 21 394 984 301 58 141 692 176 624 840 554 947 687 855 584 180 449 535 360 252 80 44 19 119 718 
79 761 330 147 470 40 168 555 24 160 303 856 852 479 169 381 723 116 68 577 390 939 717 925 298 969 695 32 988 815 750 758 265 79 905 425 120 764 980 835 924 974 380 775 142 549 847 866 355 915 442 745 853 849 360 150 817 54 873 495 559 622 252 824 702 847 940 512 610 609 36 223 582 416 689 725 965 535 590 320 139 722 755 992 571 114 832 77 860 704 262 108 325 514 933 717 51 562 919 351 
170 955 575 753 370 954 477 335 488 757 345 627 478 790 308 739 905 139 817 454 533 78 562 548 283 184 956 24 746 874 375 607 829 640 359 198 593 526 223 771 973 568 87 450 358 395 880 953 224 386 96 447 464 658 996 437 533 951 151 969 824 527 575 652 857 934 541 140 149 764 911 121 22 689 262 70 83 141 713 999 527 809 445 681 156 130 809 689 80 960 658 595 176 232 937 724 857 477 864 696 
241 464 818 263 152 770 23 927 911 736 615 127 544 59 808 390 881 616 79 961 266 427 245 442 659 182 165 205 659 719 902 590 183 409 543 25 178 566 642 779 301 256 906 535 6 713 926 887 19 695 537 285 121 783 417 470 655 583 676 313 992 267 904 174 676 136 200 544 703 532 322 694 789 227 229 795 630 845 371 649 539 908 624 660 380 732 129 34 4 495 348 996 452 942 170 127 768 60 361 470 
592 683 164 70 600 83 555 230 618 926 569 156 834 193 506 904 925 325 939 929 821 977 614 272 918 784 90 375 534 141 846 817 825 700 887 424 473 442 344 90 57 914 937 891 797 442 795 411 767 423 29 277 399 643 240 6 427 20 381 651 161 917 467 986 616 44 100 779 176 444 869 233 47 805 815 844 937 299 254 704 722 283 671 120 927 911 817 43 931 197 694 783 114 852 768 420 586 558 199 762 
693 67 685 740 563 499 584 499 488 838 893 209 121 254 19 738 164 836 781 786 724 164 568 838 706 25 257 291 274 146 743 967 905 428 706 467 617 289 656 105 818 239 4 629 493 24 366 347 550 146 132 273 0 390 801 707 106 749 688 380 895 431 346 799 549 51 956 856 31 612 961 849 851 656 477 343 370 533 690 920 369 513 884 369 593 374 75 699 122 454 78 17 885 424 506 433 166 462 288 197 
73 940 736 614 285 903 647 655 435 26 264 804 229 838 863 823 212 629 521 334 82 600 41 657 714 548 780 880 9 758 767 773 697 502 76 982 94 723 326 219 439 591 713 669 428 576 491 330 204 11 665 977 301 396 633 15 944 412 585 643 169 352 105 557 544 181 228 329 594 555 548 33 836 261 702 954 837 192 284 731 894 639 397 886 34 29 591 669 131 175 1 300 217 798 547 452 669 776 781 263 
20 328 296 546 589 688 499 115 570 473 536 153 111 933 38 837 962 629 505 783 495 196 774 712 994 320 163 663 786 634 926 496 963 912 41 241 289 231 357 549 394 893 702 196 516 431 32 167 59 227 951 244 423 724 957 107 734 810 770 520 444 385 706 96 987 438 337 966 359 384 514 753 968 215 949 483 646 981 340 396 207 290 640 321 704 286 428 438 787 888 648 921 272 353 16 949 791 43 914 149 
118 427 593 85 332 541 258 669 212 598 64 419 579 394 430 282 371 858 720 157 745 57 77 707 411 784 655 892 827 568 732 945 685 324 720 17 555 668 686 767 957 440 877 535 524 306 507 895 855 918 742 289 975 509 687 385 292 341 968 119 600 699 754 975 713 164 992 267 832 367 725 788 497 601 12 21 597 520 606 141 127 348 431 101 547 808 177 840 148 144 649 438 533 402 103 936 256 785 893 88 
152 617 566 339 908 269 50 505 479 657 646 606 695 767 707 241 574 884 771 413 718 419 541 941 512 644 876 768 429 769 546 271 75 112 610 984 71 661 488 550 7 824 846 702 281 242 633 855 126 404 958 534 513 499 475 24 833 350 793 261 809 338 532 885 140 833 868 211 493 45 451 500 869 296 892 149 539 214 695 355 308 652 579 822 841 53 846 674 94 328 935 903 667 157 787 497 990 654 709 172 
389 850 362 258 837 944 97 65 157 482 420 156 825 999 978 665 743 823 28 837 151 654 739 508 501 216 4 180 560 403 352 950 253 404 898 89 347 685 845 194 167 264 350 682 953 17 36 385 841 65 221 682 719 651 189 219 557 884 399 116 287 441 65 230 845 653 9 882 338 854 766 195 808 807 877 450 514 913 836 44 978 747 726 386 87 605 295 644 179 384 761 466 825 516 386 359 169 395 931 507 
939 387 702 746 884 578 195 397 180 721 442 158 468 167 234 245 463 530 890 642 914 650 798 429 165 183 478 24 268 409 531 206 486 923 642 369 500 527 766 371 939 207 529 406 65 453 341 218 983 230 860 587 570 347 15 426 220 493 450 488 592 982 384 77 594 716 446 785 242 903 155 180 800 684 276 865 136 618 773 810 538 322 396 108 669 101 534 889 594 984 66 877 655 450 954 249 165 90 33 98 
993 188 969 792 562 936 347 388 553 119 888 781 442 283 889 801 74 112 690 359 96 756 235 441 897 879 690 61 969 413 850 961 291 819 443 853 754 790 932 997 909 819 777 40 793 356 842 867 468 221 225 254 977 150 696 873 29 75 625 998 179 474 649 470 983 91 13 736 881 945 422 479 453 890 520 245 245 51 803 713 272 718 658 939 869 353 812 898 118 126 895 297 600 543 768 583 324 471 8 204 
105 431 684 558 320 894 494 255 635 296 658 907 13 315 845 882 668 346 469 787 472 54 83 763 287 541 345 612 11 43 816 116 164 189 365 174 773 859 429 407 845 87 3 858 402 849 430 761 885 589 237 357 643 10 119 931 552 154 232 253 197 47 60 52 928 425 226 700 974 656 798 818 743 801 365 835 339 485 595 224 74 522 271 407 533 80 27 84 234 259 27 121 998 87 173 925 202 400 314 866 
746 802 683 178 603 739 12 632 914 298 546 678 820 817 85 352 897 803 126 821 62 845 633 750 622 496 364 825 586 678 690 331 480 63 509 773 492 212 404 405 510 951 83 19 457 859 372 44 661 188 555 413 32 878 162 655 374 526 169 650 895 859 982 64 612 180 837 794 392 931 199 592 571 973 612 719 831 674 763 491 862 317 905 895 195 757 239 259 283 408 909 868 957 580 932 569 761 458 362 843 
78 251 125 650 223 737 368 53 100 821 235 962 828 830 546 713 586 785 972 559 883 571 426 840 150 357 98 601 505 150 444 584 402 569 233 625 996 291 369 95 802 604 747 629 123 984 342 709 458 3 959 341 574 384 180 725 432 969 325 937 118 459 520 520 718 443 836 713 424 204 498 225 498 936 545 621 919 887 19 66 890 978 407 464 362 277 879 484 245 203 420 364 663 631 574 70 764 409 784 879 
303 972 103 801 907 648 421 515 224 441 272 114 108 369 268 470 647 146 954 582 39 64 636 392 385 901 463 148 309 246 26 613 908 821 103 505 158 525 19 73 656 291 187 764 661 145 925 998 291 568 269 330 322 596 723 707 496 185 546 495 121 262 798 719 82 902 223 932 116 243 4 462 224 882 916 575 717 530 262 7 98 222 27 420 818 440 818 3 315 363 188 126 625 987 846 398 578 68 19 384 
1 714 536 917 285 451 491 1 982 444 699 770 666 726 880 483 857 697 176 862 750 54 989 65 731 524 153 308 592 172 382 284 886 918 200 861 369 381 862 40 825 560 500 490 285 379 663 832 767 529 694 206 584 372 271 314 896 424 313 487 286 695 461 862 613 351 722 672 733 583 402 247 142 902 738 118 971 90 640 427 620 333 324 894 705 595 207 600 710 520 778 686 906 929 548 208 280 960 880 12 
233 972 259 65 563 687 183 223 468 514 651 778 847 975 671 242 259 878 532 659 88 1000 345 994 929 583 892 208 232 771 911 465 432 860 531 685 237 404 908 705 918 248 482 455 913 152 697 863 720 919 521 498 919 556 181 537 138 72 745 61 533 345 526 655 204 56 339 441 151 247 836 68 495 317 523 98 159 910 961 570 519 481 67 437 728 940 974 556 11 408 617 235 443 143 890 647 890 229 779 40 
166 614 109 661 622 322 449 781 923 409 350 441 581 108 568 308 47 231 864 749 329 481 674 772 314 564 108 203 483 577 244 649 191 43 1000 503 365 449 974 978 858 324 418 438 122 676 436 860 597 300 608 926 471 973 387 785 536 496 988 18 72 231 667 954 274 666 146 330 805 120 307 663 444 416 791 256 782 918 115 379 217 413 995 378 385 382 162 611 568 840 629 330 71 986 975 35 342 120 55 146 
240 363 499 374 469 981 630 250 898 435 319 805 539 314 182 614 386 34 225 644 874 544 974 945 530 948 671 562 759 726 708 999 779 898 63 247 878 383 188 465 819 197 269 47 511 141 661 587 175 886 230 48 120 895 684 340 532 44 902 290 770 299 980 239 196 42 176 764 425 364 228 934 562 497 981 763 638 642 40 503 217 961 552 337 545 926 677 77 970 578 57 429 568 727 668 764 769 845 528 885 
899 446 508 150 944 489 604 271 821 334 465 728 294 16 65 530 942 432 297 601 701 354 29 268 81 388 722 540 923 940 114 511 386 313 662 19 802 956 981 312 289 445 39 273 151 795 803 783 918 99 383 618 144 103 576 916 491 297 145 413 928 951 924 3 263 275 22 755 230 693 757 209 138 486 173 289 281 666 763 889 456 145 196 600 248 772 205 429 759 40 532 376 991 456 379 944 421 91 698 342 
785 144 551 923 631 414 902 602 80 664 490 536 500 686 826 438 457 721 868 906 761 399 282 442 545 661 385 967 753 774 308 227 918 549 840 548 964 741 149 734 95 329 269 285 14 785 723 161 505 280 758 265 680 39 397 915 390 783 571 833 246 879 59 163 118 899 402 772 330 551 505 425 881 464 400 585 248 122 747 443 403 194 398 773 233 796 687 313 268 258 146 514 827 205 677 635 104 78 96 434 
320 601 549 891 755 949 475 2 761 912 135 163 105 534 626 28 329 3 342 597 952 488 801 468 693 477 794 487 246 890 921 566 491 159 456 245 107 621 939 869 533 764 722 328 297 38 357 316 732 699 603 683 186 403 841 569 571 634 56 817 524 667 382 705 827 528 950 624 148 578 182 371 32 595 700 329 633 56 336 364 445 939 737 631 342 577 890 913 902 946 419 425 303 491 129 129 18 769 443 857 
37 626 228 69 220 618 398 543 364 734 597 809 363 333 129 395 600 18 998 501 655 416 926 958 907 745 777 615 514 219 161 241 535 389 310 755 697 398 297 60 823 894 869 185 917 998 270 517 707 267 708 361 683 324 8 279 68 785 584 272 694 745 513 229 825 513 674 521 912 972 272 734 555 140 609 162 829 879 369 535 145 76 896 518 400 594 487 159 68 70 121 762 505 325 681 329 838 355 541 749 
16 813 172 261 953 781 423 471 659 792 5 494 559 591 11 649 184 188 498 252 258 620 705 764 945 385 783 472 430 323 912 136 826 83 398 469 555 511 940 904 994 946 398 552 226 99 200 411 979 699 663 236 8 57 690 643 443 163 114 563 176 716 700 2 800 788 161 44 989 100 948 982 736 35 533 963 826 424 63 804 813 726 730 821 474 110 153 607 273 267 169 139 984 559 141 473 346 993 207 335 
93 154 6 519 881 230 481 396 654 544 199 156 961 619 977 434 729 129 40 692 86 900 832 760 459 663 923 495 656 129 520 439 975 527 958 545 757 129 941 100 363 139 256 323 758 923 447 177 742 177 869 828 768 390 278 226 53 891 721 399 20 241 838 685 458 485 229 214 614 169 314 978 999 570 991 446 492 128 623 233 305 182 751 72 572 719 989 315 610 400 404 320 331 241 4 789 417 924 2 30 
92 6 7 90 576 689 226 758 817 850 681 812 31 121 575 293 841 563 299 140 963 703 460 984 635 154 772 51 77 774 772 860 470 470 640 45 158 866 493 975 405 864 476 436 986 50 420 516 304 409 656 957 111 806 941 436 650 712 487 727 176 259 276 646 729 916 382 577 471 875 241 877 739 717 2 414 458 422 930 762 831 275 718 633 80 658 68 730 60 246 146 236 505 422 572 924 27 954 500 498 
519 741 374 948 147 377 51 605 489 981 366 10 946 775 643 716 122 401 135 182 647 972 108 151 393 681 765 110 324 264 298 533 695 363 480 843 740 531 447 919 201 504 929 146 278 261 552 400 663 687 273 309 658 381 151 741 752 916 541 76 871 840 609 565 202 780 97 632 0 235 240 202 739 169 38 707 120 281 106 473 968 69 783 316 451 624 56 202 539 598 969 99 127 268 665 329 738 452 651 738 
687 891 630 115 750 359 512 871 640 619 343 607 378 816 923 829 439 670 722 669 958 380 768 84 648 122 103 385 575 754 814 952 644 443 758 394 802 269 955 441 578 988 739 957 494 351 475 623 20 196 291 668 577 59 752 915 872 855 991 136 608 804 88 943 246 536 26 739 805 671 870 73 348 608 29 842 650 504 465 360 391 446 28 968 195 780 572 67 325 562 203 623 365 982 565 302 517 281 40 12 
952 910 85 991 208 805 832 858 308 987 217 389 433 245 46 318 716 619 385 731 180 279 353 236 260 609 538 468 890 268 170 532 177 255 212 75 59 43 933 57 721 841 447 844 776 493 161 491 802 237 221 983 516 265 909 466 874 446 624 453 714 794 675 581 739 887 347 798 621 970 546 341 810 683 875 586 866 35 767 668 963 989 340 168 944 248 635 817 384 949 269 788 743 635 58 481 521 405 970 832 
375 205 863 184 888 737 460 753 463 227 110 425 906 450 594 849 388 919 355 772 557 314 559 299 949 618 471 160 713 130 992 87 335 855 963 913 591 422 355 53 339 466 169 244 606 763 783 995 371 137 456 928 452 706 918 400 323 78 560 35 208 242 814 233 96 776 836 377 888 190 431 227 346 290 471 953 52 945 637 113 81 92 40 533 488 648 624 811 726 874 537 624 115 40 857 902 816 692 279 703 
573 400 620 919 690 782 561 432 726 197 545 807 981 275 30 468 924 344 970 649 908 196 273 23 236 820 615 742 512 894 134 84 293 755 693 983 536 254 414 952 141 649 448 812 925 478 971 848 512 940 496 420 826 459 133 61 279 748 803 481 642 937 255 625 381 948 298 917 892 402 868 33 51 316 535 976 484 505 513 997 134 8 106 960 158 239 711 437 677 203 608 318 140 863 634 211 500 932 128 392 
333 686 115 384 692 650 49 176 155 562 863 289 261 659 940 419 898 650 546 574 544 153 583 374 706 907 585 205 838 713 597 861 89 712 936 781 362 985 647 207 547 199 186 498 858 816 917 445 156 152 710 700 996 983 73 701 889 658 906 726 61 503 276 150 905 211 621 957 196 959 163 433 157 40 931 15 856 537 150 11 689 860 711 684 842 784 384 730 132 980 145 193 482 422 33 77 633 654 33 519 
612 888 952 460 928 572 475 783 108 625 485 487 175 195 861 16 670 244 437 802 915 582 995 86 694 27 163 327 371 197 846 674 775 488 133 702 59 298 174 168 613 659 345 788 855 206 495 524 140 932 325 54 203 9 141 898 727 304 915 97 191 450 461 966 938 284 357 688 272 532 856 886 190 200 363 735 96 858 949 237 479 964 291 683 663 432 270 389 427 184 177 618 324 328 584 953 613 631 640 885 
162 495 460 43 385 824 468 482 681 107 409 851 761 700 533 424 823 493 813 249 677 680 867 691 8 140 643 311 772 282 195 624 467 656 667 853 169 826 24 850 933 433 390 693 823 923 807 645 415 620 894 782 990 451 473 998 591 115 308 52 88 194 677 555 540 33 97 709 859 812 248 481 935 639 865 758 251 671 402 667 981 296 138 661 747 301 658 27 107 657 80 195 541 447 750 80 170 538 789 720 
349 727 200 284 365 755 41 617 116 133 974 96 119 802 757 556 103 105 584 210 452 354 95 993 491 535 763 661 72 241 380 112 968 271 396 333 25 127 640 141 260 613 929 380 414 375 936 207 170 209 107 622 253 202 304 744 428 66 405 190 307 475 302 275 746 388 298 462 515 938 603 466 550 221 536 654 597 161 862 767 371 659 79 314 862 383 58 980 140 153 169 447 628 162 412 374 550 710 836 756 
647 128 912 887 40 447 231 327 608 92 784 669 751 863 984 302 937 732 972 76 885 141 523 512 303 936 576 543 335 101 989 983 230 900 559 270 346 790 287 645 572 70 3 13 934 677 5 870 408 978 946 983 118 158 185 111 784 761 344 119 863 333 792 783 232 350 743 269 831 29 604 402 99 607 105 723 975 111 592 72 88 227 55 897 76 240 698 860 691 41 979 553 64 770 335 297 811 77 256 641 
797 860 733 897 466 839 619 130 640 902 203 728 128 258 624 895 188 11 755 879 52 423 122 808 884 457 104 694 225 360 24 21 910 447 608 375 976 227 506 615 128 399 342 947 657 656 842 535 357 286 413 100 709 225 908 592 373 702 976 288 61 690 309 661 137 608 726 112 835 231 418 653 320 450 289 977 797 821 201 153 106 305 253 506 530 160 97 903 862 764 190 613 453 190 273 590 798 1000 393 322 
921 811 665 241 951 644 908 747 155 800 901 952 104 844 457 324 4 245 227 556 8 107 860 461 988 132 742 475 822 825 487 433 325 842 364 275 486 271 22 641 761 613 592 865 456 740 189 150 985 106 707 683 904 566 143 582 388 575 56 210 399 234 333 724 75 697 1000 561 658 712 892 419 324 484 974 780 914 162 931 898 959 327 580 553 893 413 134 280 679 190 180 77 424 513 802 190 900 491 751 558 
202 643 977 526 817 950 305 420 803 926 317 451 252 587 3 835 690 137 806 368 18 986 136 132 189 938 322 88 428 73 336 630 406 312 846 913 953 841 332 755 767 339 205 709 616 900 544 305 36 349 364 54 24 500 187 213 127 509 993 245 272 328 875 368 331 410 280 283 250 612 728 16 641 623 726 256 522 269 252 249 308 616 303 332 806 180 546 933 380 228 177 652 246 742 711 577 151 991 550 91 
293 968 108 934 281 524 881 803 483 132 51 791 438 45 122 243 916 358 866 295 276 733 638 523 474 348 790 315 338 340 406 321 998 204 255 278 418 826 772 591 958 823 381 395 558 194 328 474 242 193 769 519 926 406 732 89 444 521 94 783 551 190 103 549 395 48 827 503 874 598 94 521 111 165 606 669 49 934 833 983 126 292 501 742 698 232 521 142 443 615 615 995 806 408 543 891 147 59 83 711 
348 177 923 459 33 528 818 773 462 651 755 278 943 946 20 330 868 231 162 311 847 467 996 342 566 538 232 713 287 315 113 635 183 35 93 907 564 602 679 716 252 124 994 885 69 704 905 938 936 758 939 472 224 934 814 790 161 45 192 448 50 997 83 233 31 867 830 285 468 199 0 410 323 995 294 392 698 890 19 323 647 958 795 871 581 608 351 742 343 543 190 394 539 273 317 261 830 147 546 298 
346 547 708 359 231 693 751 619 582 461 943 228 108 427 789 690 35 139 431 68 373 621 462 602 584 470 553 414 307 99 402 343 336 800 702 257 492 142 876 764 603 508 992 712 936 471 401 661 610 522 729 673 143 882 966 417 351 518 521 658 307 923 0 333 413 392 590 905 534 466 669 137 974 350 539 909 821 630 259 121 151 989 484 985 870 449 402 911 968 613 568 965 226 258 298 639 650 888 543 874 
353 902 701 17 252 239 616 763 869 876 884 711 554 368 695 113 507 787 23 164 400 591 129 316 539 427 955 879 4 187 752 48 89 453 65 31 692 371 794 251 246 368 962 490 426 346 603 933 133 626 97 533 907 917 539 445 33 493 13 37 680 766 85 459 218 841 180 600 212 665 541 148 32 192 639 458 539 241 80 672 558 177 895 464 784 433 600 817 616 613 855 986 378 630 445 286 161 315 577 63 
980 117 902 11 310 540 159 539 472 931 210 720 107 795 183 582 918 473 398 533 86 943 518 154 263 653 441 424 969 17 177 948 825 78 650 825 309 499 363 471 429 573 190 227 57 63 809 975 537 897 507 313 840 716 467 102 368 598 216 26 305 393 665 130 471 4 955 780 193 8 250 623 581 130 540 329 194 38 303 421 935 501 734 464 907 891 566 965 489 472 992 794 865 346 614 336 350 259 806 543 
267 747 856 538 877 85 867 70 123 861 181 749 51 915 903 958 806 469 612 985 631 293 778 496 639 82 522 989 341 327 532 608 73 77 836 641 163 703 401 286 253 583 725 304 497 628 952 993 787 253 977 417 547 445 603 185 527 124 174 868 142 396 165 215 163 0 546 326 393 948 303 336 530 27 330 26 345 972 710 131 225 686 239 772 130 842 647 657 657 821 214 799 907 69 704 70 761 250 86 153 
197 389 180 727 107 510 443 452 482 843 274 707 529 513 168 349 44 815 6 701 326 911 189 923 981 584 993 431 834 79 274 721 158 454 137 265 965 270 718 446 113 992 843 642 194 10 991 929 825 687 320 841 288 509 764 959 92 756 389 616 525 663 336 684 117 473 639 81 744 356 217 857 37 59 188 231 69 869 160 584 556 480 115 844 679 879 802 772 324 881 387 850 543 414 223 660 887 862 431 320 
909 648 867 946 397 54 868 466 924 27 741 169 197 856 703 876 734 194 337 748 74 415 287 617 829 200 968 405 62 398 726 661 737 282 606 133 27 473 290 641 190 721 810 77 576 512 644 1000 396 981 437 470 395 725 777 914 925 744 319 677 833 735 337 569 707 634 392 734 797 682 374 678 402 874 755 668 75 398 357 471 69 795 941 154 519 718 68 133 151 77 811 984 502 147 242 208 471 635 943 268 
316 6 946 409 881 700 76 956 789 124 427 858 609 57 702 818 775 460 951 617 537 761 600 729 599 843 938 69 477 570 27 483 576 973 582 456 673 659 102 151 473 529 699 81 586 400 899 51 861 539 668 87 991 958 817 589 490 444 348 657 13 376 140 589 348 722 736 711 70 838 552 233 56 250 314 332 341 903 73 892 132 741 979 122 389 485 401 879 929 439 536 632 815 676 912 854 87 647 254 849 
174 807 81 921 747 86 252 87 679 326 979 811 757 648 623 145 823 23 24 752 463 250 73 968 926 985 511 703 321 766 241 495 262 323 415 699 99 358 477 778 684 455 279 130 793 902 276 616 616 991 57 78 240 130 736 856 115 247 248 436 703 490 622 655 813 727 353 912 84 830 379 458 976 348 589 768 250 555 73 866 545 130 634 475 261 369 330 66 306 578 502 8 67 814 663 570 541 707 171 625 
536 241 774 201 589 362 970 529 607 733 84 151 864 718 316 815 778 646 881 774 914 382 783 672 887 135 932 427 842 103 742 68 34 515 269 623 567 929 152 173 662 236 14 215 645 330 29 112 666 910 886 580 982 358 942 868 184 873 294 716 666 727 784 700 932 744 323 499 362 165 362 23 91 377 929 426 397 958 538 63 557 114 333 539 162 274 96 346 837 81 62 503 808 536 202 739 970 215 928 332 
380 290 45 472 357 975 898 754 622 126 507 179 931 840 718 92 804 504 129 331 585 882 834 392 107 35 822 77 251 749 409 321 729 144 483 85 118 381 530 741 197 36 610 127 567 17 910 60 521 38 391 106 920 915 188 27 951 9 104 892 759 203 903 487 347 386 263 156 457 793 587 654 519 196 471 776 904 380 527 424 419 918 220 28 833 409 55 473 418 850 54 867 743 647 44 781 32 307 627 489 
790 213 833 999 99 303 775 2 374 301 116 793 909 337 511 431 436 257 594 544 797 338 411 540 986 145 10 17 452 637 197 932 850 720 930 639 23 704 331 87 695 447 570 294 474 80 415 600 337 9 144 134 37 245 364 22 390 374 731 532 10 618 463 550 337 392 188 50 96 519 137 481 656 707 775 821 788 881 420 815 890 254 639 617 499 2 640 579 376 60 110 76 678 573 626 14 966 814 65 752 
22 893 232 369 600 698 189 77 578 299 582 157 244 221 774 433 223 103 12 290 163 122 366 531 386 993 236 351 496 992 793 519 884 715 888 173 412 767 250 680 756 833 527 1000 53 992 123 967 785 135 256 639 948 623 169 333 615 405 374 801 396 166 319 971 882 897 143 984 353 84 354 109 607 571 799 350 562 922 316 37 747 573 676 385 886 535 718 190 631 783 991 717 949 310 687 520 897 521 504 941 
605 548 740 211 118 538 561 371 150 567 408 587 139 774 972 715 999 380 905 629 162 896 346 801 896 723 321 482 243 825 422 848 62 161 749 180 390 1000 241 540 567 649 817 396 112 789 111 111 859 15 740 20 601 776 821 496 499 141 979 432 656 90 971 718 252 719 589 642 719 830 872 285 169 688 681 281 166 482 82 24 498 513 44 98 288 556 285 477 387 954 600 43 43 570 451 986 979 39 627 697 
560 498 672 729 877 43 700 733 525 783 758 713 295 492 812 273 738 787 441 125 430 40 168 473 610 309 459 588 39 776 976 599 965 337 17 531 380 407 263 596 880 20 308 865 203 810 138 941 596 579 65 716 309 924 189 609 924 338 887 963 804 862 251 768 890 268 989 960 365 252 555 245 963 864 109 165 673 938 797 960 206 862 675 515 476 554 123 399 582 10 361 76 562 302 534 141 260 523 101 625 
775 656 870 737 209 670 903 573 607 699 532 814 250 897 328 726 141 142 815 413 843 866 489 94 167 23 236 427 546 337 52 10 683 612 747 893 281 339 465 889 728 687 702 669 273 720 84 414 862 900 518 704 765 697 799 623 720 725 49 956 61 792 656 744 404 403 326 375 432 791 263 160 477 655 519 441 65 603 545 927 502 62 321 958 760 810 580 169 224 319 816 285 802 471 719 896 564 736 270 997 
526 224 847 694 569 365 134 634 968 679 251 160 432 262 808 882 762 77 50 986 396 556 961 197 27 369 783 591 104 53 277 631 277 123 14 536 178 839 170 146 517 421 997 639 373 804 520 134 881 571 119 967 817 79 855 844 448 637 125 553 690 92 874 657 216 578 193 394 416 53 230 623 474 917 262 847 720 782 981 600 42 790 257 860 869 111 393 6 748 208 249 128 301 813 785 207 390 668 291 496 
721 522 119 885 128 71 731 849 853 401 138 586 881 395 135 439 506 218 136 945 427 385 72 418 889 547 625 969 215 916 465 936 127 274 821 256 345 241 104 888 333 933 473 904 328 298 343 524 517 479 468 634 554 540 51 442 87 676 411 993 281 566 928 409 530 438 665 875 370 459 452 393 81 616 296 409 914 639 934 120 117 91 754 362 632 805 804 409 170 905 401 452 160 18 861 690 147 215 254 517 
364 707 910 445 322 205 545 235 535 168 356 342 259 800 704 891 605 198 990 775 102 80 226 954 99 777 643 937 992 588 453 45 294 52 491 616 948 726 541 482 894 587 515 152 387 218 734 992 416 723 456 209 494 373 162 593 149 495 219 832 82 672 877 66 414 57 682 51 783 914 534 676 500 739 519 887 647 252 568 754 665 24 963 158 87 815 441 236 1000 660 67 773 21 635 839 435 692 211 487 165 
124 711 531 624 449 49 201 786 301 769 539 967 483 501 124 570 5 256 497 5 916 564 468 938 889 306 62 581 517 239 436 331 950 967 956 88 16 847 875 317 305 413 974 789 605 789 48 300 44 545 996 960 800 463 587 688 460 650 959 977 889 394 308 529 51 954 307 67 800 872 384 795 285 48 583 580 837 322 880 881 557 566 530 46 28 117 425 488 457 73 155 35 158 153 254 209 797 562 276 286 
433 350 80 408 398 354 678 234 676 248 805 923 814 335 970 842 142 394 20 289 467 175 14 315 328 269 524 124 521 800 100 644 150 180 743 238 534 420 163 209 668 968 132 481 993 792 13 825 876 33 804 32 899 819 348 917 778 872 731 989 672 831 632 512 10 374 750 545 795 603 444 152 571 266 324 253 57 337 78 933 60 882 966 649 390 313 565 858 875 295 846 546 125 168 748 826 542 188 370 26 
791 505 179 51 771 193 305 519 530 383 451 280 955 106 929 35 109 183 583 985 478 429 220 293 597 969 809 829 156 870 856 637 374 725 689 144 918 994 663 137 66 805 107 711 911 726 746 20 909 329 695 386 448 915 369 735 883 177 563 729 46 108 366 110 833 745 255 440 738 608 267 494 102 374 204 704 99 641 414 698 660 108 83 107 22 142 842 906 10 94 324 56 203 690 167 726 124 112 857 862 
410 123 355 203 188 250 907 978 891 320 676 550 428 449 347 450 282 879 45 292 973 370 38 866 750 896 282 875 698 138 426 108 952 472 1 830 722 908 808 612 918 173 852 345 312 198 485 594 767 221 886 429 281 615 986 721 510 267 285 208 95 712 6 46 183 7 567 905 915 64 206 522 237 748 867 549 636 41 834 402 953 409 521 924 23 506 645 534 773 930 742 558 641 438 295 514 445 862 108 49 
926 4 571 853 752 127 91 387 859 925 479 812 334 0 735 357 506 379 581 970 1000 12 217 640 450 512 845 895 373 953 944 989 958 514 841 399 641 933 787 190 857 956 1 881 646 426 929 152 806 509 812 495 522 28 134 662 541 669 557 604 622 190 283 269 395 123 668 726 746 144 916 293 100 607 173 746 33 792 588 529 301 89 23 513 809 848 174 39 517 421 643 138 302 926 97 387 740 765 112 485 
910 719 468 700 325 332 135 358 123 414 887 114 503 910 627 311 758 492 350 274 603 684 102 595 299 199 982 729 654 94 905 253 813 372 953 137 704 779 186 518 192 72 632 385 673 950 387 120 441 737 84 734 110 877 329 100 75 310 519 419 94 423 673 597 486 315 425 880 93 611 397 976 373 29 361 736 979 748 856 109 174 940 533 976 816 862 766 581 863 284 0 957 398 363 554 884 678 979 453 462 
279 851 437 652 570 488 388 238 926 934 37 100 564 570 766 379 122 531 651 985 815 341 631 212 704 875 786 381 543 239 533 512 780 971 164 39 148 242 968 74 866 4 174 429 264 940 499 76 160 149 751 975 490 72 878 193 947 353 264 180 592 798 692 61 458 546 791 606 478 758 680 344 452 544 773 717 173 271 483 333 110 234 999 600 306 876 483 943 919 748 122 201 235 815 262 693 360 53 298 839 
811 669 182 954 212 645 360 386 607 843 409 717 767 407 7 72 973 490 15 892 928 828 92 162 642 44 855 693 97 844 531 599 512 403 552 414 738 912 490 344 754 900 61 521 306 759 283 970 248 989 861 176 817 643 28 148 687 574 841 785 417 61 73 619 154 625 32 893 226 523 236 670 112 988 881 108 746 164 77 685 843 938 551 349 580 579 498 958 152 28 742 259 90 815 878 244 129 601 827 355 
123 63 715 926 741 596 33 177 450 111 862 292 739 412 642 9 681 830 967 834 858 398 783 948 903 661 883 31 261 709 76 74 462 481 1000 203 76 32 70 526 834 932 509 263 33 150 272 714 670 929 237 527 326 20 165 919 371 47 640 632 446 716 396 599 887 395 802 964 117 562 179 642 493 688 905 216 528 867 930 888 795 858 415 811 568 580 729 939 317 368 260 763 774 656 361 660 741 853 313 858 
414 493 189 597 871 93 813 89 650 433 977 444 290 81 945 858 661 673 486 978 40 746 431 504 401 792 164 141 335 477 689 749 660 879 36 221 662 849 0 2 972 977 446 261 58 81 809 409 754 294 387 485 39 818 989 130 299 843 271 634 10 651 73 360 219 800 581 571 648 581 573 620 248 19 571 997 100 70 95 544 364 482 28 94 990 708 224 980 240 496 303 250 146 376 611 55 175 882 626 514 
153 199 824 91 909 84 778 699 154 873 242 519 45 962 303 34 359 527 704 599 22 7 540 859 73 841 914 940 722 540 143 565 429 967 656 337 741 123 35 896 997 277 104 41 929 407 766 287 934 470 577 647 477 116 195 550 957 800 179 368 339 322 624 458 288 970 795 720 93 830 615 89 797 719 130 416 816 896 703 749 55 970 85 532 85 281 773 732 80 952 791 109 274 414 567 252 383 51 972 166 
881 276 255 367 685 75 783 500 662 176 940 717 145 715 940 231 996 712 653 766 353 443 875 317 547 131 570 931 182 231 787 753 198 42 120 883 808 903 73 469 78 12 186 224 727 816 145 413 527 798 178 570 241 744 888 478 875 147 408 748 68 195 500 266 928 620 149 735 213 222 895 982 925 771 205 341 586 40 444 803 839 623 372 770 56 259 247 621 96 346 368 165 231 869 431 849 178 270 273 391 
492 167 63 106 938 268 138 523 1000 582 15 528 895 388 988 951 337 925 572 434 270 940 289 191 498 720 39 367 681 313 448 172 170 511 970 108 470 107 321 469 689 337 997 584 415 984 224 752 908 796 876 869 426 164 59 614 575 790 981 255 793 429 117 963 630 777 761 99 884 82 568 263 109 254 847 524 237 70 275 836 557 842 394 673 696 143 286 270 933 267 215 415 386 23 68 15 800 829 806 374 
601 373 637 710 628 173 233 555 934 199 80 490 731 474 162 426 618 139 387 240 96 602 656 172 315 724 187 115 242 993 489 844 56 816 553 374 989 477 619 922 676 700 102 406 864 955 522 171 784 909 412 880 201 758 51 516 171 930 321 413 612 810 256 668 315 810 732 303 286 351 916 652 741 708 748 294 352 960 466 136 869 878 15 69 635 758 275 806 687 597 909 298 96 165 967 412 665 388 715 951 
739 320 292 169 718 730 464 70 689 930 206 247 497 912 316 822 669 592 317 355 188 225 344 284 390 0 386 54 388 101 695 818 111 677 987 830 406 140 590 786 69 796 32 566 397 39 387 757 321 704 111 199 930 455 483 9 145 560 64 534 661 449 351 462 126 27 982 222 168 571 7 928 56 731 494 454 770 571 210 90 966 11 289 585 157 462 284 302 21 348 526 372 488 877 525 614 905 506 836 763 
77 534 690 133 264 874 277 724 445 487 814 100 189 793 375 36 254 659 338 967 698 865 28 185 431 553 799 25 59 324 788 136 548 478 960 812 351 237 535 486 414 38 276 603 831 651 639 776 0 668 742 698 222 770 573 653 13 371 679 72 385 156 899 934 324 858 435 366 94 661 542 509 699 819 802 220 159 131 686 159 799 117 547 20 577 119 363 590 180 732 662 256 889 560 880 212 418 314 578 202 
665 120 711 54 629 203 274 478 334 650 328 132 767 875 843 343 685 205 934 555 938 285 811 516 846 690 418 954 4 997 155 359 807 557 413 125 760 377 603 93 26 931 916 793 806 448 136 180 653 760 735 280 44 546 486 580 235 905 533 930 591 379 980 397 936 392 522 385 770 124 478 796 746 83 589 551 531 415 421 874 865 155 845 909 391 20 179 627 925 712 246 515 90 225 602 716 308 123 100 77 
939 268 563 684 351 151 925 572 256 345 136 811 190 671 410 582 691 589 899 616 300 835 821 81 751 423 797 58 546 898 135 174 165 698 548 207 540 472 469 486 507 605 297 698 275 707 279 967 295 177 272 285 11 92 366 762 515 163 510 752 751 645 616 916 33 164 813 263 636 282 439 143 887 426 531 853 132 810 509 117 677 781 93 378 563 459 831 769 312 340 520 753 676 826 359 709 990 171 662 316 
453 100 459 30 217 680 573 39 179 81 157 856 552 941 233 114 89 63 573 402 94 92 845 770 919 203 168 598 375 830 914 518 620 62 238 837 742 811 567 921 892 414 466 133 354 700 248 443 453 821 535 547 604 380 316 212 583 484 500 958 3 414 166 314 476 404 841 909 215 407 829 797 821 295 931 174 685 869 308 828 379 843 375 673 222 381 885 496 556 75 143 249 489 309 563 655 714 94 563 619 
191 82 415 12 67 345 877 442 213 875 269 593 718 644 265 630 716 841 125 271 606 960 210 94 268 774 439 672 558 693 290 749 775 396 451 532 741 328 974 645 893 242 928 610 577 883 931 983 413 746 253 18 705 463 803 974 927 242 335 174 935 626 924 399 712 374 931 452 392 904 787 285 836 714 585 102 287 515 84 700 261 27 719 656 181 211 629 798 453 965 973 77 280 896 476 992 960 96 133 42 
